epochs train test
0       15.332    18.87
1       19.862    22.65
2       23.352    28.09
3       24.462    25.88
4       24.912    22.19
5       26.562    31.55
6       28.628    27.88
7       29.582    32.55
8       31.102    32.2
9       32.78    33.3
10       33.54    36.47
11       35.022    33.46
12       35.818    32.95
13       36.558    39.25
14       37.8    39.04
15       38.378    34.99
16       38.896    40.06
17       39.698    39.61
18       40.004    32.7
19       40.82    41.97
20       41.092    43.73
21       42.2    44.97
22       42.914    45.4
23       43.528    37.6
24       44.222    44.1
25       44.79    43.9
26       44.666    40.08
27       45.166    41.77
28       45.446    43.63
29       45.66    38.09
30       45.69    39.2
31       46.398    44.98
32       47.098    44.97
33       47.538    47.42
34       47.564    38.28
35       48.186    47.01
36       48.752    41.1
37       49.048    43.56
38       49.646    40.93
39       50.046    50.88
40       50.632    47.81
41       50.822    44.73
42       51.752    44.7
43       51.626    52.8
44       51.756    48.0
45       51.572    44.52
46       52.136    43.78
47       52.43    50.37
48       52.764    43.97
49       52.974    42.64
50       52.33    48.03
51       52.924    48.09
52       53.198    46.06
53       53.414    48.05
54       53.218    42.26
55       53.784    49.85
56       53.22    47.64
57       53.592    48.98
58       54.29    46.42
59       54.388    39.43
60       54.69    49.37
61       55.014    54.9
62       55.33    51.62
63       55.788    52.66
64       55.756    48.09
65       55.848    43.14
66       56.514    48.71
67       56.86    54.09
68       57.214    53.71
69       57.196    48.8
70       57.314    48.16
71       57.874    53.26
72       58.186    55.22
73       58.802    50.84
74       58.96    58.22
75       59.402    54.86
76       58.638    55.76
77       58.016    53.05
78       59.028    45.0
79       58.776    53.53
80       62.048    60.54
81       61.488    62.29
82       61.758    62.2
83       61.666    58.46
84       61.896    61.21
85       62.262    60.4
86       61.908    59.84
87       61.318    62.99
88       61.784    56.38
89       61.458    60.96
90       61.456    52.54
91       62.0    62.14
92       61.894    61.17
93       62.28    55.37
94       62.26    61.54
95       62.502    57.92
96       62.28    60.74
97       61.95    61.08
98       62.14    55.93
99       61.814    61.32
100       62.266    56.16
101       62.23    62.33
102       62.134    58.23
103       62.45    54.6
104       62.308    62.1
105       62.592    60.12
106       62.486    61.67
107       62.668    57.67
108       62.55    56.76
109       62.69    57.58
110       62.536    60.12
111       62.18    61.29
112       62.092    62.01
113       62.582    46.61
114       62.42    55.97
115       62.772    58.76
116       62.536    55.53
117       62.442    49.61
118       62.514    48.63
119       62.802    53.72
120       64.172    64.49
121       63.77    63.9
122       63.752    65.31
123       63.742    64.24
124       63.556    62.59
125       63.93    63.68
126       63.772    63.73
127       63.756    63.41
128       63.634    64.12
129       63.45    61.79
130       63.578    64.61
131       63.498    63.26
132       63.582    63.7
133       63.428    57.63
134       63.328    62.96
135       63.198    64.51
136       62.688    55.69
137       63.144    64.11
138       63.414    63.9
139       63.664    62.72
140       63.724    59.14
141       63.694    56.57
142       63.454    55.04
143       63.478    62.31
144       63.902    61.74
145       63.496    56.89
146       63.846    62.79
147       63.838    57.85
148       63.848    53.94
149       63.652    63.27
150       63.892    64.96
151       63.802    63.52
152       63.856    62.95
153       63.792    65.59
154       63.754    63.93
155       63.946    64.84
156       64.03    64.64
157       64.0    64.36
158       63.902    59.98
159       63.91    63.89
160       63.732    64.53
161       63.218    62.41
162       63.804    60.7
163       63.412    60.46
164       63.766    61.34
165       63.306    64.69
166       63.592    61.15
167       63.52    64.16
168       63.788    55.5
169       63.814    65.56
170       64.07    62.7
171       63.944    61.83
172       63.85    59.49
173       63.918    60.31
174       64.15    64.12
175       63.762    60.95
176       63.678    63.52
177       63.622    65.28
178       63.592    63.84
179       63.926    65.29
180       64.23    62.03
181       64.104    63.46
182       63.818    61.75
183       63.78    64.1
184       64.042    61.03
185       64.256    62.89
186       63.946    62.49
187       64.212    65.17
188       63.73    55.57
189       64.332    60.91
190       64.232    60.93
191       63.75    60.56
192       64.268    64.2
193       64.136    63.74
194       64.012    57.65
195       64.05    62.84
196       63.938    64.68
197       63.806    63.88
198       64.05    63.14
199       64.09    63.02
