epochs train test
0       30.06    35.81
1       49.392    56.36
2       60.776    53.54
3       66.934    68.68
4       70.824    66.97
5       74.038    64.53
6       75.704    72.85
7       77.206    72.03
8       78.3    69.56
9       78.834    74.07
10       79.582    71.74
11       80.098    73.29
12       80.42    73.99
13       80.852    74.11
14       81.334    76.32
15       81.748    76.15
16       81.986    79.84
17       82.292    77.89
18       82.684    77.42
19       82.78    78.95
20       82.808    78.54
21       82.964    76.85
22       83.07    79.72
23       83.468    77.52
24       83.514    68.63
25       83.742    80.59
26       83.874    81.27
27       84.114    78.61
28       84.03    79.54
29       84.368    78.46
30       84.332    79.3
31       84.346    80.22
32       84.472    79.07
33       84.686    79.75
34       84.558    73.38
35       84.814    79.43
36       84.872    83.83
37       85.142    78.16
38       84.936    72.49
39       85.254    82.77
40       85.522    83.29
41       85.18    76.93
42       85.764    78.8
43       85.486    81.93
44       85.55    81.14
45       85.376    79.07
46       85.766    81.96
47       85.438    81.77
48       85.61    80.23
49       85.38    81.93
50       85.74    80.36
51       85.886    81.09
52       85.758    81.46
53       85.868    78.15
54       85.798    80.81
55       86.062    72.83
56       85.78    80.33
57       85.794    81.97
58       86.198    82.48
59       86.474    82.65
60       85.91    83.03
61       86.12    82.97
62       86.312    82.54
63       86.214    78.18
64       86.212    81.68
65       86.294    80.62
66       86.406    77.76
67       86.57    80.22
68       86.516    79.98
69       86.23    84.45
70       86.412    81.27
71       86.462    81.93
72       86.492    82.43
73       86.628    82.87
74       86.78    79.78
75       86.674    76.99
76       86.464    83.52
77       86.514    74.09
78       86.78    76.33
79       86.496    85.22
80       90.482    88.26
81       91.22    89.37
82       91.646    88.92
83       91.916    89.1
84       92.078    88.35
85       92.22    88.65
86       92.108    89.53
87       92.264    88.45
88       92.45    88.97
89       92.49    88.82
90       92.428    88.21
91       92.582    88.48
92       92.72    88.71
93       92.628    88.85
94       92.724    88.93
95       92.85    89.49
96       92.85    88.84
97       92.85    88.83
98       92.756    88.64
99       92.822    88.3
100       92.812    88.2
101       92.866    88.59
102       92.898    88.5
103       93.002    88.75
104       92.99    88.92
105       92.87    88.85
106       92.892    88.49
107       92.71    88.8
108       92.904    88.76
109       92.78    88.35
110       92.978    87.84
111       92.864    88.37
112       92.614    88.28
113       92.912    88.37
114       92.912    88.03
115       93.084    87.88
116       93.044    87.64
117       92.968    88.12
118       92.876    88.25
119       92.826    88.26
120       94.27    90.08
121       94.58    90.09
122       94.634    90.09
123       94.772    90.2
124       94.738    90.4
125       94.986    90.29
126       94.82    89.8
127       94.788    89.58
128       94.96    90.08
129       94.704    90.27
130       94.922    90.07
131       94.94    90.06
132       94.954    90.1
133       94.874    90.37
134       95.038    89.85
135       95.044    89.7
136       94.992    90.09
137       94.858    90.1
138       94.984    89.98
139       94.964    90.06
140       95.058    89.74
141       94.846    89.82
142       95.032    90.02
143       94.912    90.16
144       94.938    90.32
145       94.872    90.26
146       94.866    90.29
147       95.07    89.79
148       94.85    90.15
149       94.926    89.75
150       95.09    89.81
151       94.914    90.02
152       95.09    90.17
153       94.972    89.6
154       95.01    89.64
155       95.026    89.96
156       94.856    89.87
157       95.088    89.53
158       95.004    89.52
159       95.056    89.84
160       95.332    90.14
161       95.328    89.68
162       95.342    90.27
163       95.348    89.98
164       95.336    90.24
165       95.326    90.02
166       95.306    89.88
167       95.34    89.94
168       95.264    89.96
169       95.378    89.9
170       95.302    90.0
171       95.236    90.27
172       95.248    90.23
173       95.31    90.0
174       95.242    90.12
175       95.272    89.41
176       95.114    90.03
177       95.198    89.22
178       95.198    90.05
179       95.09    89.54
180       95.238    89.71
181       95.154    90.17
182       95.152    89.87
183       95.278    89.76
184       95.142    90.17
185       95.18    89.26
186       95.28    89.72
187       95.224    89.75
188       95.208    90.09
189       95.192    89.17
190       95.116    89.7
191       95.076    89.77
192       95.17    89.24
193       95.19    89.85
194       95.196    90.12
195       95.132    90.54
196       95.226    90.23
197       95.104    90.47
198       95.222    90.02
199       95.274    89.9
