epochs train test
0       38.472    45.56
1       56.964    57.56
2       64.036    61.69
3       67.982    68.18
4       71.414    69.58
5       73.632    70.07
6       76.02    68.34
7       77.416    75.11
8       78.546    74.96
9       80.024    79.45
10       80.32    77.57
11       81.458    79.28
12       81.79    77.92
13       82.682    79.69
14       82.996    81.39
15       83.574    78.5
16       84.264    80.93
17       84.304    80.76
18       84.854    81.97
19       85.318    81.2
20       85.472    83.51
21       85.958    79.71
22       86.18    82.72
23       86.476    83.94
24       86.834    82.67
25       87.092    83.85
26       87.224    83.41
27       87.328    83.21
28       87.35    82.29
29       87.788    83.6
30       87.858    81.91
31       87.938    84.39
32       88.082    83.08
33       87.938    83.94
34       88.356    84.46
35       88.864    85.15
36       88.862    82.92
37       88.7    84.74
38       88.722    83.9
39       88.99    84.05
40       89.096    84.85
41       88.904    82.98
42       89.266    84.25
43       89.534    84.88
44       89.148    81.27
45       89.278    84.25
46       89.594    83.13
47       89.482    84.93
48       89.814    82.93
49       89.682    83.87
50       89.592    82.49
51       90.078    82.64
52       89.852    84.54
53       89.988    85.25
54       90.274    86.77
55       90.682    83.38
56       90.45    83.42
57       90.186    86.23
58       90.556    82.09
59       90.296    84.42
60       90.676    83.93
61       90.518    81.99
62       90.72    84.91
63       90.538    83.76
64       90.696    85.31
65       90.838    85.09
66       90.7    83.82
67       90.848    86.02
68       91.102    85.26
69       90.888    85.14
70       91.02    85.06
71       90.792    84.99
72       91.106    83.24
73       91.298    87.07
74       90.916    87.09
75       90.984    82.08
76       91.054    86.26
77       91.434    85.67
78       91.492    80.34
79       91.236    85.18
80       93.27    88.61
81       93.888    88.31
82       93.918    88.32
83       93.908    87.97
84       94.024    88.52
85       94.1    87.42
86       94.528    88.64
87       94.442    88.84
88       94.508    88.47
89       94.392    88.86
90       94.31    87.72
91       94.494    89.22
92       94.332    86.92
93       94.502    88.05
94       94.662    88.67
95       94.674    88.63
96       94.682    88.52
97       94.49    88.57
98       94.726    87.92
99       94.532    87.73
100       94.372    88.05
101       94.538    88.35
102       94.518    87.63
103       94.622    88.25
104       94.926    88.28
105       94.644    87.83
106       94.444    88.94
107       94.736    88.51
108       94.664    88.14
109       94.856    88.79
110       94.916    88.54
111       94.746    88.21
112       94.97    87.7
113       94.79    89.09
114       94.656    88.43
115       94.806    87.65
116       94.76    88.64
117       94.644    88.47
118       94.652    88.4
119       94.99    88.37
120       95.354    89.2
121       95.504    88.93
122       95.278    89.31
123       95.466    89.2
124       95.538    89.0
125       95.686    89.15
126       95.686    89.66
127       95.592    89.27
128       95.59    89.34
129       95.536    89.46
130       95.514    89.52
131       95.558    89.02
132       95.4    89.08
133       95.696    88.8
134       95.608    89.08
135       95.528    89.39
136       95.746    89.33
137       95.69    89.23
138       95.71    88.98
139       95.712    89.11
140       95.622    89.33
141       95.644    88.98
142       95.712    89.18
143       95.598    89.0
144       95.536    89.39
145       95.468    89.16
146       95.544    89.17
147       95.67    89.51
148       95.614    88.83
149       95.634    89.46
150       95.562    89.45
151       95.696    89.3
152       95.48    89.16
153       95.69    88.93
154       95.688    89.16
155       95.686    89.21
156       95.678    89.14
157       95.788    88.84
158       95.66    89.11
159       95.54    89.14
160       95.846    89.13
161       95.76    88.99
162       95.748    89.32
163       95.826    89.31
164       95.71    89.08
165       95.602    89.32
166       95.592    88.98
167       95.644    89.19
168       95.69    89.08
169       95.828    89.07
170       95.754    89.22
171       95.664    89.4
172       95.9    88.85
173       95.78    89.37
174       95.706    88.73
175       95.736    89.45
176       95.638    88.66
177       95.722    89.07
178       95.436    89.23
179       95.602    89.06
180       95.73    89.06
181       95.75    89.41
182       95.734    88.8
183       95.716    89.01
184       95.738    89.12
185       95.67    89.17
186       95.856    89.2
187       95.73    89.03
188       95.634    89.23
189       95.772    89.46
190       95.766    89.02
191       95.75    89.21
192       95.582    89.35
193       95.678    89.4
194       95.762    89.29
195       95.798    89.15
196       95.566    89.18
197       95.754    89.02
198       95.576    89.16
199       95.542    88.87
