epochs train test
0       43.044    45.82
1       61.834    58.51
2       70.008    64.48
3       74.048    75.34
4       76.716    73.26
5       78.792    76.01
6       79.54    78.99
7       80.462    77.52
8       81.582    79.35
9       81.966    76.11
10       82.526    80.38
11       83.268    82.01
12       83.206    75.04
13       83.87    79.44
14       84.25    80.76
15       84.294    82.27
16       84.472    81.2
17       84.764    77.15
18       85.182    81.63
19       85.514    79.23
20       85.664    80.36
21       85.558    84.05
22       85.754    78.34
23       86.004    81.89
24       86.338    78.24
25       86.368    83.27
26       86.226    81.42
27       86.484    80.68
28       86.66    83.0
29       86.984    84.91
30       86.852    84.39
31       87.012    82.19
32       87.084    83.41
33       87.138    82.97
34       87.19    82.53
35       87.294    81.86
36       87.37    84.2
37       87.666    85.05
38       87.592    83.9
39       87.57    83.64
40       87.822    84.64
41       87.59    84.39
42       87.872    84.73
43       88.166    84.27
44       87.87    85.51
45       88.026    83.68
46       88.214    82.47
47       87.87    83.28
48       88.172    82.89
49       88.02    85.3
50       88.236    82.13
51       88.344    82.31
52       88.218    82.59
53       88.184    82.38
54       88.438    84.26
55       88.632    85.44
56       88.536    83.91
57       88.704    84.79
58       88.712    84.07
59       88.462    84.04
60       88.586    85.03
61       88.89    85.42
62       88.718    83.77
63       88.396    85.51
64       88.81    83.24
65       88.93    84.64
66       88.9    84.31
67       88.7    84.87
68       88.746    84.18
69       88.744    81.51
70       88.91    85.12
71       88.744    85.95
72       88.99    83.22
73       89.116    84.69
74       88.97    83.55
75       89.266    85.0
76       89.044    83.55
77       89.098    85.57
78       89.112    85.4
79       89.028    83.92
80       92.246    89.69
81       93.326    89.81
82       93.89    89.92
83       94.094    90.08
84       94.282    89.98
85       94.502    90.35
86       94.676    89.93
87       94.888    90.44
88       95.036    90.08
89       95.046    90.09
90       95.234    90.42
91       95.334    90.48
92       95.342    90.08
93       95.45    90.19
94       95.466    90.21
95       95.604    90.13
96       95.732    90.2
97       95.684    90.14
98       95.79    90.23
99       95.77    90.17
100       96.03    90.35
101       96.114    90.39
102       96.104    90.09
103       96.166    90.27
104       96.296    90.24
105       96.24    89.97
106       96.248    90.52
107       96.39    90.15
108       96.458    90.21
109       96.384    90.38
110       96.562    90.3
111       96.582    90.48
112       96.576    90.4
113       96.666    90.4
114       96.722    89.9
115       96.794    90.35
116       96.682    90.29
117       96.866    90.37
118       96.946    90.0
119       96.96    90.25
120       97.326    90.44
121       97.534    90.57
122       97.702    90.63
123       97.73    90.51
124       97.75    90.69
125       97.862    90.72
126       97.786    90.64
127       97.874    90.64
128       97.724    90.71
129       97.858    90.66
130       97.948    90.68
131       97.89    90.81
132       97.946    90.59
133       97.99    90.8
134       97.932    90.79
135       98.046    90.7
136       97.968    90.67
137       97.848    90.53
138       97.956    90.57
139       97.964    90.56
140       98.008    90.79
141       97.868    90.7
142       98.0    90.71
143       98.038    90.68
144       98.016    90.78
145       98.004    90.67
146       97.998    90.66
147       98.072    90.53
148       98.11    90.61
149       98.046    90.8
150       98.004    90.58
151       98.06    90.48
152       98.008    90.35
153       98.084    90.42
154       98.074    90.5
155       98.192    90.37
156       98.194    90.59
157       98.024    90.56
158       98.182    90.65
159       98.172    90.44
160       98.26    90.93
161       98.168    90.71
162       98.18    90.68
163       98.302    90.58
164       98.206    90.53
165       98.242    90.5
166       98.248    90.52
167       98.25    90.52
168       98.288    90.74
169       98.174    90.79
170       98.32    90.55
171       98.248    90.62
172       98.184    90.57
173       98.318    90.58
174       98.266    90.61
175       98.228    90.49
176       98.306    90.57
177       98.246    90.59
178       98.324    90.51
179       98.268    90.75
180       98.352    90.43
181       98.346    90.61
182       98.232    90.63
183       98.334    90.51
184       98.254    90.58
185       98.284    90.57
186       98.234    90.59
187       98.256    90.59
188       98.286    90.5
189       98.35    90.47
190       98.29    90.5
191       98.454    90.62
192       98.38    90.5
193       98.37    90.52
194       98.228    90.43
195       98.364    90.69
196       98.326    90.63
197       98.362    90.54
198       98.336    90.67
199       98.24    90.65
