epochs train test
0       26.118    36.97
1       45.414    49.23
2       55.498    58.15
3       60.082    59.37
4       63.782    61.01
5       66.806    57.88
6       70.412    65.26
7       72.594    67.26
8       73.4    72.81
9       74.676    66.0
10       75.674    72.39
11       76.134    65.1
12       76.816    68.04
13       77.102    71.63
14       77.838    71.25
15       77.934    65.75
16       78.184    73.15
17       78.786    65.35
18       78.922    75.39
19       79.166    71.41
20       79.436    68.04
21       79.628    76.37
22       79.908    70.34
23       80.116    69.91
24       80.392    76.76
25       80.718    69.16
26       80.614    71.02
27       80.666    74.0
28       80.89    71.3
29       80.668    66.98
30       80.984    65.65
31       80.858    68.79
32       81.364    74.39
33       81.15    70.12
34       81.602    73.66
35       81.574    70.81
36       81.302    76.93
37       81.314    73.44
38       81.556    74.73
39       81.934    79.53
40       81.706    74.48
41       81.34    71.81
42       81.844    73.99
43       81.896    73.62
44       81.864    77.61
45       82.144    77.41
46       82.306    74.76
47       82.258    76.27
48       82.054    74.69
49       82.418    78.46
50       82.292    77.97
51       82.082    79.35
52       82.462    71.19
53       82.318    77.14
54       82.382    78.01
55       82.33    77.65
56       82.588    79.23
57       82.576    76.24
58       82.712    71.1
59       83.194    76.62
60       83.186    77.38
61       82.608    77.67
62       83.08    79.41
63       82.988    78.02
64       82.766    79.38
65       82.946    75.12
66       82.92    79.82
67       83.092    74.66
68       82.892    75.39
69       83.38    76.62
70       83.168    77.89
71       83.216    77.5
72       83.382    66.4
73       83.094    79.11
74       83.332    78.79
75       83.336    77.18
76       83.374    77.38
77       83.904    79.27
78       83.444    74.47
79       83.486    74.24
80       86.752    85.8
81       87.73    85.03
82       88.054    85.38
83       88.126    85.26
84       88.266    85.52
85       88.608    85.08
86       88.55    85.99
87       88.856    85.65
88       88.726    86.01
89       88.616    86.31
90       89.012    86.21
91       88.952    85.21
92       88.916    85.66
93       88.736    85.28
94       89.232    85.28
95       88.98    84.55
96       88.978    83.51
97       88.934    83.47
98       88.978    86.17
99       89.036    83.44
100       88.858    83.89
101       89.082    83.99
102       89.02    84.11
103       89.17    84.38
104       89.446    84.64
105       89.168    81.47
106       89.242    85.83
107       89.174    84.63
108       89.148    82.4
109       89.228    84.23
110       89.516    86.75
111       89.276    83.19
112       89.514    83.01
113       89.292    83.91
114       89.336    84.76
115       89.692    85.17
116       89.454    84.33
117       89.428    85.58
118       89.436    84.15
119       89.238    85.08
120       90.636    87.24
121       90.822    87.93
122       90.94    87.17
123       90.988    87.61
124       91.062    86.43
125       91.11    87.95
126       90.966    86.93
127       91.082    86.87
128       91.164    87.83
129       91.018    87.73
130       91.086    87.06
131       91.18    87.28
132       91.048    87.42
133       91.05    87.72
134       91.044    87.03
135       90.884    87.18
136       90.924    87.13
137       91.038    86.98
138       91.166    85.77
139       91.01    87.33
140       90.998    87.0
141       91.068    86.47
142       91.032    86.14
143       91.098    87.23
144       90.786    86.9
145       90.952    86.48
146       90.974    85.79
147       91.08    86.71
148       91.058    87.44
149       90.988    87.05
150       90.946    86.77
151       91.108    86.49
152       91.074    86.33
153       90.956    86.43
154       91.024    86.95
155       90.97    87.14
156       91.232    86.14
157       90.912    86.53
158       91.024    86.24
159       90.998    87.0
160       91.186    85.65
161       91.396    87.9
162       91.422    86.94
163       91.472    87.55
164       91.276    87.48
165       91.336    87.74
166       91.392    87.25
167       91.066    86.94
168       91.394    87.7
169       91.34    87.53
170       91.258    86.69
171       91.416    87.29
172       91.228    87.32
173       91.186    87.18
174       91.264    87.01
175       91.316    87.0
176       91.434    87.3
177       91.364    87.47
178       91.46    87.46
179       91.482    87.0
180       91.312    86.52
181       91.382    87.36
182       91.278    87.32
183       91.426    86.92
184       91.276    87.2
185       91.44    87.24
186       91.274    86.99
187       91.43    87.68
188       91.256    85.02
189       91.15    86.78
190       91.132    86.68
191       91.166    86.46
192       91.044    87.14
193       91.256    87.39
194       91.434    87.57
195       91.304    87.79
196       91.598    87.06
197       91.236    85.92
198       91.46    87.84
199       91.45    87.42
