epochs train test
0       26.046    30.94
1       43.154    48.11
2       52.988    49.97
3       57.644    53.4
4       61.476    54.85
5       64.922    51.63
6       66.518    60.19
7       68.658    63.02
8       69.976    66.5
9       70.756    64.92
10       71.91    68.82
11       72.41    66.9
12       73.41    71.07
13       73.91    66.12
14       74.206    65.57
15       74.854    73.36
16       75.01    59.79
17       75.63    69.95
18       75.844    66.89
19       76.208    73.24
20       75.916    68.6
21       76.598    69.18
22       76.786    71.07
23       77.108    72.54
24       77.36    69.09
25       77.428    68.99
26       77.772    69.58
27       78.052    71.99
28       78.416    74.54
29       78.248    73.06
30       78.38    73.48
31       78.436    74.01
32       78.674    71.32
33       78.658    70.08
34       78.858    71.57
35       78.812    74.51
36       78.858    73.35
37       79.184    74.05
38       79.034    70.54
39       78.946    74.23
40       79.25    73.65
41       79.4    72.2
42       79.26    75.62
43       79.296    75.41
44       79.146    73.18
45       79.446    71.54
46       79.452    71.63
47       79.316    73.82
48       79.594    72.09
49       79.61    76.26
50       79.806    62.65
51       79.598    67.32
52       79.44    72.58
53       79.538    66.7
54       79.816    72.96
55       80.072    64.7
56       79.696    77.58
57       80.252    65.74
58       79.998    72.44
59       80.518    68.03
60       79.974    72.42
61       80.044    78.02
62       80.148    73.97
63       80.414    74.55
64       80.386    66.66
65       80.13    73.75
66       80.254    72.82
67       80.39    71.31
68       80.248    69.37
69       80.634    74.22
70       80.692    73.58
71       80.618    65.94
72       80.58    71.94
73       80.562    70.61
74       80.662    76.05
75       80.316    52.47
76       80.63    77.85
77       80.618    66.72
78       80.584    76.57
79       80.618    72.88
80       84.252    82.96
81       85.316    82.73
82       85.548    79.03
83       85.584    82.77
84       85.578    83.51
85       85.764    79.69
86       85.66    79.61
87       85.74    82.97
88       85.894    82.46
89       85.756    78.97
90       85.91    83.39
91       86.058    82.11
92       85.882    80.78
93       85.808    83.26
94       85.804    82.26
95       85.734    82.04
96       85.864    81.43
97       85.674    80.76
98       85.818    81.5
99       85.862    82.58
100       85.948    82.08
101       85.908    80.53
102       85.982    79.99
103       85.774    80.35
104       85.846    75.74
105       85.676    71.82
106       86.132    79.81
107       85.792    81.7
108       85.816    81.58
109       85.964    81.8
110       85.926    76.35
111       85.786    78.91
112       85.944    82.81
113       85.846    81.5
114       85.542    79.88
115       85.754    76.44
116       85.938    81.11
117       85.714    81.3
118       85.914    77.56
119       85.646    82.49
120       87.204    84.99
121       87.704    85.74
122       87.922    84.11
123       87.922    83.13
124       88.094    84.25
125       88.002    85.4
126       87.974    84.37
127       88.186    82.53
128       88.032    83.43
129       88.092    82.39
130       88.036    84.12
131       87.916    84.04
132       88.128    82.95
133       88.132    83.65
134       88.148    78.52
135       88.138    85.25
136       88.144    84.05
137       88.154    84.64
138       88.112    84.37
139       88.086    85.04
140       88.08    83.31
141       87.818    85.25
142       87.864    81.53
143       88.02    83.89
144       87.884    84.79
145       88.042    83.28
146       88.07    84.64
147       87.96    83.02
148       88.054    82.82
149       88.11    84.33
150       87.83    83.46
151       88.07    84.94
152       87.904    84.44
153       87.946    83.96
154       87.97    84.97
155       87.872    82.5
156       87.862    80.4
157       87.916    81.83
158       87.996    82.17
159       87.874    83.21
160       88.278    84.55
161       88.34    80.78
162       88.382    84.19
163       88.308    82.47
164       88.094    84.12
165       88.292    84.31
166       88.15    85.27
167       88.454    82.22
168       88.432    83.17
169       88.152    82.87
170       88.226    81.73
171       88.122    84.9
172       88.254    84.84
173       88.032    84.82
174       88.134    85.6
175       88.136    84.63
176       87.974    85.04
177       88.332    85.39
178       88.226    85.36
179       88.226    83.47
180       88.288    85.45
181       88.358    82.95
182       88.006    85.55
183       88.484    83.32
184       88.468    83.81
185       88.434    82.88
186       88.274    85.13
187       88.288    83.41
188       88.18    82.74
189       88.2    83.9
190       88.314    84.83
191       88.17    84.09
192       87.996    83.38
193       88.348    83.54
194       88.328    84.2
195       88.376    84.72
196       88.182    84.79
197       88.354    85.41
198       88.258    82.44
199       88.276    84.88
