epochs train test
0       43.082    50.84
1       61.908    54.85
2       69.216    63.52
3       73.67    69.8
4       76.226    71.38
5       78.152    75.74
6       78.828    77.4
7       79.926    79.25
8       80.896    78.18
9       81.322    79.14
10       82.098    77.31
11       82.614    81.29
12       83.21    79.4
13       83.504    79.69
14       83.62    77.4
15       83.864    80.2
16       84.248    82.06
17       84.438    79.53
18       84.664    81.9
19       84.81    82.11
20       85.076    81.34
21       85.208    81.55
22       85.74    81.88
23       85.804    81.12
24       85.73    78.94
25       86.108    82.6
26       85.898    76.49
27       86.142    79.9
28       86.096    82.96
29       86.29    82.88
30       86.402    81.17
31       86.446    82.23
32       86.49    85.0
33       86.87    79.82
34       86.74    83.68
35       86.674    80.99
36       87.062    80.34
37       86.902    82.04
38       87.218    82.92
39       87.198    82.87
40       87.438    85.05
41       87.452    83.28
42       87.674    82.22
43       87.692    83.17
44       87.608    83.52
45       87.618    79.7
46       88.036    84.63
47       87.752    82.92
48       87.816    84.09
49       87.454    83.3
50       87.968    80.74
51       87.754    82.39
52       87.926    82.31
53       87.956    83.25
54       87.782    84.49
55       87.918    83.19
56       88.17    84.54
57       88.11    79.51
58       88.122    85.96
59       88.286    84.93
60       88.37    83.25
61       88.478    83.51
62       88.102    82.7
63       88.192    82.21
64       88.378    83.29
65       88.538    84.54
66       88.488    84.28
67       88.63    85.02
68       88.506    85.34
69       88.588    83.15
70       88.546    81.73
71       88.422    83.15
72       88.68    83.75
73       88.684    85.08
74       88.522    85.01
75       88.658    84.17
76       88.666    82.3
77       88.864    81.72
78       88.68    83.62
79       88.786    84.85
80       91.864    89.15
81       92.79    89.5
82       93.378    89.89
83       93.602    90.01
84       93.95    89.98
85       94.128    90.09
86       94.258    89.89
87       94.402    89.66
88       94.584    89.51
89       94.592    90.06
90       94.774    90.14
91       94.706    90.38
92       94.904    89.87
93       94.914    89.76
94       95.066    90.15
95       95.116    89.34
96       95.244    89.82
97       95.376    89.81
98       95.44    90.35
99       95.454    89.62
100       95.422    89.74
101       95.598    89.9
102       95.658    90.14
103       95.682    90.25
104       95.818    89.67
105       95.834    90.07
106       96.022    89.62
107       95.844    90.19
108       95.956    88.93
109       95.98    89.93
110       96.05    90.14
111       96.006    89.86
112       96.236    89.8
113       96.116    89.83
114       96.184    90.18
115       96.344    89.86
116       96.292    90.03
117       96.396    90.19
118       96.366    89.94
119       96.534    89.94
120       97.054    90.59
121       97.148    90.75
122       97.172    90.79
123       97.318    90.61
124       97.444    90.49
125       97.574    90.44
126       97.42    90.45
127       97.448    90.55
128       97.53    90.68
129       97.44    90.54
130       97.436    90.72
131       97.518    90.7
132       97.498    90.64
133       97.59    90.41
134       97.562    90.67
135       97.464    90.73
136       97.574    90.59
137       97.58    90.66
138       97.62    90.78
139       97.532    90.87
140       97.516    90.63
141       97.562    90.56
142       97.618    90.74
143       97.648    90.81
144       97.594    90.56
145       97.586    90.47
146       97.506    90.61
147       97.742    90.51
148       97.77    90.4
149       97.636    90.76
150       97.668    90.38
151       97.604    90.26
152       97.632    90.69
153       97.806    90.33
154       97.736    90.62
155       97.67    90.8
156       97.672    90.45
157       97.684    90.66
158       97.682    90.63
159       97.704    90.75
160       97.886    90.79
161       97.636    90.67
162       97.874    90.38
163       97.846    90.71
164       97.784    90.58
165       97.854    91.02
166       97.78    90.68
167       97.808    90.48
168       97.84    90.74
169       97.718    90.52
170       97.776    90.67
171       97.78    90.66
172       97.786    90.36
173       97.812    90.54
174       97.74    90.76
175       97.784    90.53
176       97.798    90.35
177       97.762    90.67
178       97.848    90.64
179       97.92    90.83
180       97.758    90.67
181       97.868    90.68
182       97.85    90.79
183       97.92    90.23
184       97.872    90.54
185       97.812    90.52
186       97.702    90.49
187       97.76    90.64
188       97.844    90.81
189       97.746    90.55
190       97.85    90.66
191       97.73    90.63
192       97.748    90.76
193       97.812    90.5
194       97.962    90.75
195       97.876    90.72
196       97.864    90.54
197       97.808    90.7
198       97.958    90.81
199       97.916    90.63
