epochs train test
0       13.244    11.55
1       22.528    29.02
2       31.486    32.84
3       37.22    29.61
4       42.548    38.97
5       47.362    42.46
6       51.418    44.14
7       54.646    52.61
8       57.586    51.4
9       60.026    54.54
10       62.04    60.56
11       64.026    58.26
12       66.126    53.53
13       66.834    50.05
14       68.246    64.03
15       68.544    60.76
16       69.39    62.18
17       69.944    62.5
18       70.682    61.68
19       70.466    65.46
20       71.282    61.79
21       71.112    65.79
22       71.066    61.91
23       71.588    63.43
24       71.978    64.07
25       72.286    55.86
26       71.738    44.52
27       71.524    60.82
28       72.38    63.8
29       72.056    55.9
30       71.968    63.05
31       71.888    63.95
32       71.894    69.31
33       72.308    65.11
34       72.432    54.87
35       72.458    60.6
36       72.568    64.05
37       72.48    67.13
38       72.964    59.28
39       72.792    65.17
40       73.046    61.15
41       72.832    57.25
42       73.136    61.06
43       73.73    66.28
44       73.714    63.54
45       74.254    70.21
46       73.99    55.66
47       73.858    65.15
48       73.878    63.59
49       74.024    63.26
50       73.912    36.45
51       73.514    71.94
52       74.016    60.08
53       74.074    67.26
54       74.274    69.23
55       74.128    55.61
56       74.004    63.1
57       74.014    67.77
58       74.15    60.7
59       74.13    63.63
60       74.1    66.22
61       74.5    64.74
62       74.388    67.32
63       74.546    56.78
64       74.55    65.22
65       74.814    59.03
66       74.58    63.89
67       74.808    64.59
68       74.248    57.84
69       74.944    63.27
70       74.852    56.97
71       74.952    67.31
72       74.778    66.85
73       75.152    58.04
74       75.176    66.82
75       75.006    68.73
76       74.996    67.86
77       75.262    69.24
78       74.638    68.06
79       74.734    67.29
80       78.686    76.88
81       79.838    75.96
82       79.776    77.98
83       79.608    75.49
84       79.564    76.95
85       79.93    77.14
86       79.968    74.74
87       80.124    74.54
88       79.934    71.92
89       79.852    76.99
90       79.562    76.53
91       79.672    75.72
92       79.774    67.38
93       79.866    76.95
94       79.86    77.64
95       79.646    69.6
96       79.576    67.52
97       79.456    77.5
98       79.946    76.18
99       79.75    74.56
100       79.658    74.93
101       79.842    77.44
102       79.692    70.64
103       79.774    74.92
104       79.816    76.48
105       79.788    73.5
106       79.386    76.81
107       79.568    71.89
108       79.628    72.66
109       79.714    74.17
110       79.808    69.75
111       79.844    74.47
112       80.316    74.8
113       79.86    73.23
114       79.436    72.88
115       79.756    71.13
116       79.678    73.15
117       79.712    72.9
118       79.824    71.72
119       79.996    77.07
120       81.414    81.0
121       81.932    79.79
122       81.91    79.35
123       82.002    75.46
124       82.01    80.03
125       81.922    79.66
126       82.382    77.88
127       81.922    80.32
128       82.08    79.7
129       82.106    77.38
130       81.946    80.8
131       82.078    79.31
132       81.852    79.8
133       82.012    79.3
134       82.058    79.44
135       82.0    79.61
136       82.218    78.59
137       81.898    77.88
138       82.302    78.27
139       82.194    76.36
140       82.018    76.64
141       81.942    79.85
142       82.228    78.02
143       82.388    73.88
144       82.024    80.1
145       82.082    77.87
146       81.818    78.93
147       81.89    80.39
148       81.79    74.91
149       81.824    77.19
150       81.696    76.94
151       82.0    78.56
152       81.578    76.26
153       81.486    77.53
154       81.602    76.57
155       81.666    77.84
156       81.632    78.9
157       81.724    77.0
158       81.982    78.25
159       81.75    79.89
160       82.388    80.55
161       82.078    79.56
162       82.384    79.61
163       82.504    79.83
164       82.394    75.4
165       82.266    77.28
166       82.302    79.69
167       81.96    79.11
168       81.964    78.36
169       81.832    80.6
170       81.87    79.66
171       82.036    79.68
172       81.988    78.69
173       81.932    78.86
174       82.17    79.13
175       82.314    77.79
176       82.222    78.18
177       82.298    79.28
178       82.308    80.59
179       82.352    77.12
180       82.438    79.1
181       82.066    80.11
182       82.056    76.23
183       82.194    79.09
184       82.422    73.91
185       81.948    77.13
186       82.232    80.47
187       82.366    80.74
188       82.182    79.15
189       82.356    78.52
190       82.444    80.79
191       82.188    73.5
192       82.026    80.78
193       82.372    77.3
194       82.55    77.65
195       82.318    78.23
196       82.284    80.18
197       82.006    80.51
198       82.248    78.27
199       82.314    79.25
