epochs train test
0       38.896    39.71
1       59.456    53.36
2       67.854    65.98
3       73.266    71.49
4       76.32    75.77
5       78.186    76.62
6       79.372    76.34
7       80.328    77.42
8       81.336    77.4
9       81.792    76.34
10       82.59    79.11
11       82.944    80.91
12       83.336    77.95
13       83.904    81.06
14       84.012    81.44
15       84.276    82.73
16       84.55    81.49
17       84.748    81.84
18       85.056    81.83
19       84.986    82.19
20       85.454    80.49
21       85.59    83.73
22       85.998    82.78
23       85.978    79.69
24       86.304    80.31
25       86.416    81.85
26       86.256    84.84
27       86.452    80.81
28       86.67    82.97
29       86.612    81.69
30       86.692    80.7
31       86.852    81.82
32       87.04    82.77
33       87.216    83.72
34       87.204    78.64
35       87.328    83.91
36       87.404    84.96
37       87.46    82.54
38       87.542    84.49
39       87.424    81.43
40       87.672    83.17
41       87.932    81.43
42       87.758    80.88
43       87.802    84.82
44       87.646    81.62
45       87.762    81.9
46       87.854    83.03
47       88.012    84.34
48       87.898    85.08
49       88.072    82.08
50       88.276    82.67
51       88.166    84.07
52       88.288    85.41
53       88.334    82.19
54       88.178    80.54
55       88.6    83.99
56       88.434    84.14
57       88.436    81.84
58       88.658    80.14
59       88.496    81.6
60       88.454    83.66
61       88.618    82.11
62       88.742    81.48
63       88.812    84.81
64       88.688    85.11
65       88.768    86.07
66       88.868    84.93
67       88.64    85.21
68       88.6    83.62
69       88.71    84.53
70       88.75    84.44
71       88.836    82.44
72       88.77    83.71
73       88.758    84.27
74       88.734    82.75
75       88.782    80.19
76       89.062    79.98
77       89.074    85.22
78       89.028    85.06
79       88.906    85.91
80       92.196    89.39
81       93.174    89.52
82       93.556    89.41
83       93.76    89.71
84       93.918    89.21
85       94.214    90.05
86       94.43    89.9
87       94.456    89.65
88       94.63    89.52
89       94.734    89.8
90       95.038    89.75
91       95.166    90.28
92       95.084    89.66
93       95.114    89.4
94       95.292    89.64
95       95.268    89.53
96       95.336    90.1
97       95.546    89.81
98       95.442    89.8
99       95.578    89.5
100       95.756    89.7
101       95.596    89.84
102       95.95    89.94
103       95.814    89.89
104       96.072    90.27
105       95.876    89.84
106       96.076    89.93
107       96.07    89.67
108       96.212    90.16
109       96.05    90.07
110       96.148    89.66
111       96.22    89.65
112       96.156    89.29
113       96.312    89.62
114       96.51    89.73
115       96.296    89.77
116       96.446    89.65
117       96.36    89.73
118       96.462    89.43
119       96.464    89.96
120       97.146    90.3
121       97.364    90.47
122       97.338    90.48
123       97.464    90.19
124       97.568    90.7
125       97.474    90.42
126       97.588    90.57
127       97.638    90.29
128       97.616    90.39
129       97.588    90.36
130       97.556    90.35
131       97.69    90.45
132       97.73    90.51
133       97.792    90.47
134       97.764    90.19
135       97.696    90.46
136       97.732    90.13
137       97.728    90.44
138       97.844    90.35
139       97.78    90.59
140       97.74    90.38
141       97.87    90.43
142       97.892    90.43
143       97.894    90.42
144       97.878    90.33
145       97.798    90.22
146       97.834    90.22
147       97.864    90.22
148       97.832    90.18
149       97.964    90.11
150       97.734    89.89
151       97.842    90.21
152       97.882    90.14
153       97.978    90.08
154       97.942    90.39
155       97.878    90.04
156       97.89    90.57
157       97.838    90.05
158       97.946    90.35
159       97.976    90.38
160       97.958    90.49
161       98.078    90.57
162       98.098    90.32
163       98.074    90.47
164       98.096    90.34
165       98.064    90.47
166       98.034    90.42
167       98.098    90.3
168       98.068    90.39
169       98.058    90.33
170       98.104    90.4
171       97.97    90.51
172       97.998    90.38
173       98.006    90.45
174       98.056    90.52
175       98.09    90.33
176       98.084    90.15
177       98.102    90.31
178       98.104    90.3
179       98.02    90.38
180       98.07    90.51
181       98.186    90.33
182       98.058    90.39
183       98.17    90.09
184       98.158    90.4
185       98.024    90.32
186       98.054    90.37
187       98.112    90.32
188       98.122    90.23
189       98.29    90.32
190       98.186    90.23
191       98.088    90.28
192       98.142    90.16
193       98.138    90.11
194       98.142    90.46
195       98.196    90.02
196       98.262    90.52
197       98.15    90.51
198       98.114    90.46
199       98.192    90.44
