epochs train test
0       38.97    52.06
1       59.564    63.11
2       67.354    67.4
3       72.494    70.59
4       75.372    71.69
5       77.382    77.83
6       78.724    73.81
7       79.712    76.44
8       80.464    72.6
9       81.21    76.66
10       81.964    74.7
11       82.42    80.1
12       82.552    72.28
13       83.13    80.16
14       83.396    74.63
15       83.784    76.58
16       84.06    80.02
17       84.132    77.72
18       84.464    76.27
19       84.376    81.21
20       84.786    76.65
21       84.89    82.74
22       85.206    81.72
23       85.142    78.26
24       85.34    77.84
25       85.634    81.52
26       85.6    78.16
27       85.786    81.85
28       85.888    79.92
29       86.036    80.9
30       85.83    81.25
31       86.104    80.89
32       86.336    80.15
33       86.046    79.15
34       86.41    81.55
35       86.666    80.17
36       86.692    80.43
37       86.538    82.04
38       86.812    81.85
39       87.026    84.3
40       87.078    81.18
41       86.832    76.94
42       86.842    82.35
43       87.128    81.28
44       87.314    79.71
45       87.114    81.98
46       87.06    83.13
47       87.116    82.82
48       87.364    78.82
49       87.216    82.29
50       87.43    81.68
51       87.394    82.95
52       87.332    82.07
53       87.178    83.89
54       87.508    78.94
55       87.602    79.39
56       87.34    84.07
57       87.59    83.55
58       87.608    81.49
59       87.65    80.36
60       87.732    83.24
61       87.79    83.12
62       87.94    81.57
63       87.866    82.42
64       87.852    80.97
65       87.956    81.23
66       88.028    82.97
67       87.852    82.14
68       87.984    79.64
69       88.194    81.94
70       87.912    84.05
71       87.95    84.5
72       87.986    83.01
73       88.2    84.01
74       87.94    83.54
75       87.932    81.1
76       88.33    79.82
77       88.2    83.29
78       88.382    82.75
79       88.13    83.82
80       91.554    88.89
81       92.506    89.14
82       92.928    89.42
83       93.27    88.76
84       93.176    89.14
85       93.326    89.08
86       93.544    89.28
87       93.656    88.72
88       93.752    88.61
89       94.03    89.57
90       93.888    89.53
91       94.158    89.05
92       94.294    89.03
93       94.102    89.21
94       94.512    89.4
95       94.334    89.07
96       94.426    87.99
97       94.572    89.85
98       94.464    89.01
99       94.718    89.29
100       94.65    88.74
101       94.876    88.69
102       94.9    88.97
103       94.994    89.35
104       94.932    88.49
105       94.896    89.63
106       95.128    89.34
107       95.142    89.39
108       95.116    89.37
109       95.292    89.49
110       95.174    89.84
111       95.102    89.07
112       95.318    89.28
113       95.276    89.2
114       95.186    88.89
115       95.326    88.7
116       95.314    88.33
117       95.358    89.22
118       95.362    89.52
119       95.604    88.75
120       96.314    89.84
121       96.496    89.79
122       96.644    90.03
123       96.68    90.28
124       96.81    90.34
125       96.844    90.17
126       96.766    89.88
127       96.9    90.46
128       96.86    90.22
129       96.978    90.3
130       96.818    90.28
131       96.896    89.72
132       97.046    90.16
133       96.926    90.09
134       96.932    90.1
135       96.86    90.49
136       96.976    90.38
137       97.022    90.37
138       97.014    90.25
139       96.976    90.2
140       97.03    90.38
141       96.904    90.17
142       97.004    90.19
143       96.882    90.29
144       96.848    90.08
145       97.102    90.4
146       97.048    89.95
147       97.094    89.39
148       96.9    89.88
149       97.054    90.23
150       97.03    90.18
151       97.046    90.08
152       97.052    90.09
153       97.076    90.47
154       97.172    89.74
155       97.038    90.48
156       97.136    90.32
157       96.996    89.9
158       96.948    89.74
159       97.09    89.74
160       97.212    90.15
161       97.242    89.85
162       97.188    90.31
163       97.302    90.02
164       97.224    90.2
165       97.24    90.21
166       97.162    90.41
167       97.22    90.5
168       97.24    90.12
169       97.224    89.87
170       97.34    90.16
171       97.29    89.97
172       97.208    90.21
173       97.042    89.98
174       97.264    90.15
175       97.292    90.37
176       97.352    90.2
177       97.31    90.52
178       97.364    90.41
179       97.322    90.28
180       97.29    90.15
181       97.248    90.26
182       97.256    90.13
183       97.316    89.61
184       97.344    90.23
185       97.338    90.45
186       97.182    90.35
187       97.326    90.35
188       97.224    90.41
189       97.258    90.03
190       97.216    90.31
191       97.326    90.28
192       97.276    90.08
193       97.248    89.94
194       97.228    90.07
195       97.372    90.63
196       97.46    90.32
197       97.388    90.24
198       97.308    90.11
199       97.37    90.23
