epochs train test
0       36.292    25.32
1       56.372    59.25
2       63.912    63.4
3       68.172    66.78
4       71.934    70.66
5       74.384    70.61
6       76.582    75.09
7       78.274    75.2
8       79.26    77.78
9       80.048    76.88
10       80.894    79.96
11       81.544    79.21
12       82.156    76.71
13       82.5    82.33
14       82.844    77.29
15       83.366    78.42
16       84.042    82.26
17       84.058    79.78
18       84.318    81.27
19       84.596    80.62
20       84.94    77.92
21       84.942    82.96
22       85.154    82.64
23       85.268    80.2
24       85.73    83.47
25       85.762    82.07
26       85.89    81.92
27       86.048    82.23
28       86.484    83.08
29       86.246    82.51
30       86.438    82.2
31       86.44    78.88
32       86.458    84.5
33       86.65    82.95
34       86.972    82.12
35       86.984    82.22
36       87.132    83.44
37       87.1    83.4
38       87.348    83.9
39       87.424    83.6
40       87.6    84.84
41       87.35    83.26
42       87.408    81.21
43       87.612    83.27
44       87.58    84.63
45       87.708    83.07
46       87.858    81.96
47       87.866    85.33
48       87.8    83.7
49       87.992    85.92
50       88.134    83.51
51       87.908    84.91
52       88.116    85.41
53       87.926    83.09
54       88.008    84.13
55       88.334    84.47
56       88.274    85.36
57       88.17    83.66
58       88.358    84.67
59       88.57    83.26
60       88.644    84.51
61       88.564    85.97
62       88.376    84.44
63       88.59    87.13
64       88.698    85.67
65       88.548    83.63
66       88.67    85.23
67       88.584    84.36
68       88.676    83.43
69       88.332    86.3
70       88.778    84.48
71       88.682    81.81
72       88.752    85.46
73       88.68    85.62
74       88.712    84.53
75       88.878    86.23
76       88.818    83.45
77       88.86    84.17
78       88.778    85.52
79       88.796    84.3
80       91.974    89.81
81       93.218    89.81
82       93.438    89.96
83       93.728    90.07
84       93.928    89.77
85       93.998    90.17
86       94.24    89.97
87       94.364    90.3
88       94.566    90.39
89       94.486    90.1
90       94.736    90.21
91       94.7    90.24
92       94.808    90.52
93       94.782    90.38
94       95.012    90.22
95       94.988    89.99
96       95.016    90.15
97       95.144    90.06
98       95.122    89.99
99       95.278    89.89
100       95.298    90.1
101       95.352    89.98
102       95.348    90.22
103       95.43    89.93
104       95.416    89.83
105       95.436    89.93
106       95.642    90.29
107       95.58    89.97
108       95.588    90.4
109       95.436    90.14
110       95.58    90.1
111       95.564    89.92
112       95.62    90.17
113       95.574    89.75
114       95.66    89.73
115       95.75    89.75
116       95.592    90.1
117       95.71    90.23
118       95.562    90.47
119       95.636    90.22
120       96.59    90.72
121       96.928    91.09
122       96.894    90.75
123       96.996    90.89
124       97.038    91.08
125       97.06    90.96
126       97.106    90.65
127       97.128    91.01
128       97.148    90.66
129       97.102    90.94
130       97.174    90.76
131       97.116    90.82
132       97.152    91.08
133       97.276    90.9
134       97.222    91.12
135       97.154    90.95
136       97.242    91.2
137       97.22    90.87
138       97.214    91.01
139       97.194    90.96
140       97.278    91.08
141       97.172    90.59
142       97.256    90.96
143       97.292    91.0
144       97.218    90.98
145       97.384    90.9
146       97.17    91.11
147       97.328    91.04
148       97.29    90.96
149       97.348    90.92
150       97.29    90.88
151       97.396    90.83
152       97.152    90.59
153       97.374    90.73
154       97.356    90.81
155       97.5    91.2
156       97.362    90.65
157       97.332    91.02
158       97.342    91.14
159       97.332    90.88
160       97.558    90.79
161       97.486    90.81
162       97.522    90.94
163       97.57    90.97
164       97.484    90.91
165       97.504    90.83
166       97.554    90.85
167       97.642    90.71
168       97.516    90.98
169       97.564    90.93
170       97.59    90.75
171       97.646    90.9
172       97.57    90.77
173       97.542    91.0
174       97.572    90.96
175       97.576    90.52
176       97.626    90.83
177       97.566    90.98
178       97.564    91.09
179       97.482    90.76
180       97.614    90.98
181       97.594    90.79
182       97.526    90.92
183       97.552    90.88
184       97.504    91.02
185       97.522    91.05
186       97.602    91.04
187       97.652    91.21
188       97.62    90.95
189       97.642    90.84
190       97.604    91.03
191       97.756    90.88
192       97.614    90.85
193       97.62    90.67
194       97.682    90.85
195       97.648    90.67
196       97.658    90.93
197       97.572    90.89
198       97.464    90.79
199       97.67    90.84
