epochs train test
0       29.422    40.42
1       46.548    34.47
2       53.482    49.98
3       58.376    59.91
4       62.444    60.93
5       65.72    60.85
6       68.086    58.27
7       69.372    63.4
8       70.608    61.0
9       71.438    67.71
10       72.464    67.53
11       73.56    60.39
12       74.488    71.45
13       74.692    71.98
14       75.232    69.78
15       75.402    68.0
16       76.096    73.11
17       76.226    67.62
18       76.83    76.02
19       77.234    66.39
20       77.636    70.61
21       78.022    72.04
22       78.018    62.45
23       77.852    72.4
24       78.392    72.49
25       78.574    73.32
26       78.594    73.44
27       78.582    74.87
28       78.524    70.16
29       78.824    67.13
30       79.244    74.09
31       79.244    72.11
32       79.4    70.71
33       79.376    72.76
34       79.502    71.06
35       79.93    70.66
36       79.442    71.78
37       79.498    75.44
38       79.978    74.69
39       79.992    76.15
40       79.966    76.57
41       80.296    72.33
42       79.866    73.58
43       80.15    74.6
44       80.142    69.02
45       79.76    73.28
46       80.52    74.72
47       80.042    74.59
48       80.268    74.76
49       80.262    75.48
50       80.264    71.35
51       80.202    74.36
52       80.54    70.99
53       80.32    55.05
54       80.386    61.35
55       80.476    73.5
56       80.65    73.34
57       80.394    69.15
58       80.674    71.0
59       80.704    68.84
60       81.046    74.08
61       80.868    74.65
62       80.84    76.7
63       80.814    77.91
64       80.896    72.83
65       80.938    76.17
66       80.816    75.81
67       80.964    74.58
68       81.138    70.62
69       80.906    66.06
70       81.112    78.56
71       81.288    74.0
72       81.14    76.31
73       81.164    75.39
74       80.84    71.8
75       81.126    75.07
76       81.126    63.2
77       81.242    77.1
78       81.182    75.38
79       81.092    75.96
80       84.658    83.76
81       85.516    84.08
82       85.734    83.06
83       85.954    80.29
84       86.25    83.27
85       86.182    82.68
86       86.176    82.48
87       86.342    81.03
88       86.184    83.64
89       86.228    83.3
90       86.376    83.58
91       86.516    82.03
92       86.406    82.37
93       86.318    83.18
94       86.562    82.04
95       86.338    83.83
96       86.616    81.75
97       86.222    79.15
98       86.128    81.39
99       86.206    82.5
100       86.25    79.03
101       86.242    82.0
102       86.328    81.08
103       86.214    82.41
104       86.228    82.87
105       86.438    82.91
106       86.344    81.74
107       86.312    82.93
108       86.536    80.43
109       86.278    80.11
110       86.342    80.55
111       86.146    82.35
112       86.402    84.28
113       86.368    82.61
114       86.298    82.83
115       86.328    81.31
116       86.29    81.76
117       86.278    80.13
118       86.324    80.78
119       86.116    82.28
120       87.826    85.21
121       88.348    84.86
122       88.212    85.73
123       88.62    83.24
124       88.544    84.84
125       88.466    85.73
126       88.51    85.67
127       88.416    84.6
128       88.578    84.49
129       88.342    85.86
130       88.262    84.78
131       88.404    85.58
132       88.366    83.49
133       88.322    85.62
134       88.618    84.21
135       88.29    85.04
136       88.522    84.79
137       88.426    84.63
138       88.474    84.55
139       88.292    83.9
140       88.312    84.56
141       88.24    85.36
142       88.428    83.82
143       88.342    85.17
144       88.422    84.47
145       88.252    83.83
146       88.276    84.52
147       88.416    85.31
148       88.622    85.35
149       88.308    84.23
150       88.306    84.42
151       88.108    82.77
152       88.14    84.02
153       88.11    84.97
154       88.296    82.09
155       88.312    84.89
156       88.398    84.01
157       88.042    83.16
158       88.356    83.25
159       88.322    85.04
160       88.668    85.17
161       88.738    85.1
162       88.8    85.12
163       88.662    85.25
164       88.64    84.37
165       88.612    85.8
166       88.532    84.42
167       88.704    85.4
168       88.646    85.29
169       88.668    85.39
170       88.742    82.74
171       88.548    83.17
172       88.696    85.01
173       88.526    84.37
174       88.618    84.1
175       88.642    85.0
176       88.568    85.17
177       88.652    85.13
178       88.528    84.23
179       88.578    85.38
180       88.618    83.54
181       88.616    85.65
182       88.558    85.0
183       88.624    85.35
184       88.382    83.55
185       88.326    84.99
186       88.602    84.76
187       88.748    84.68
188       88.792    83.34
189       88.332    84.87
190       88.518    84.42
191       88.826    85.05
192       88.564    85.39
193       88.72    82.9
194       88.572    82.26
195       88.754    85.03
196       88.73    85.71
197       88.8    83.94
198       88.602    85.04
199       88.72    85.49
