epochs train test
0       42.624    47.02
1       61.702    61.85
2       69.68    71.91
3       73.51    68.62
4       75.536    74.27
5       77.48    74.5
6       78.676    78.64
7       79.79    69.56
8       80.826    77.25
9       80.844    77.4
10       81.542    78.77
11       82.158    77.78
12       82.528    78.96
13       83.034    80.07
14       83.412    78.1
15       83.476    75.1
16       83.848    80.99
17       83.986    76.49
18       84.21    79.88
19       84.342    80.53
20       84.68    80.3
21       84.816    81.42
22       85.14    80.04
23       84.992    83.32
24       85.608    79.73
25       85.614    80.15
26       85.566    81.05
27       85.764    79.08
28       86.01    82.8
29       86.154    84.42
30       85.95    79.52
31       86.092    83.84
32       86.37    82.08
33       86.456    83.03
34       86.548    80.6
35       86.726    82.15
36       86.774    83.82
37       86.79    82.75
38       86.72    81.78
39       87.18    81.43
40       87.08    83.38
41       86.88    78.19
42       87.148    83.13
43       87.408    77.73
44       87.352    82.97
45       87.444    83.69
46       87.484    81.05
47       87.242    81.23
48       87.632    84.37
49       87.286    83.83
50       87.602    84.32
51       87.658    81.64
52       87.882    83.95
53       87.546    82.07
54       87.602    83.76
55       87.988    83.72
56       87.95    84.25
57       87.658    80.9
58       87.91    83.02
59       87.652    82.64
60       87.978    82.97
61       88.166    84.19
62       87.716    83.21
63       88.2    84.68
64       88.146    83.44
65       88.34    82.52
66       88.262    84.86
67       88.354    82.95
68       88.478    81.3
69       88.216    85.67
70       88.598    83.89
71       88.472    85.77
72       88.898    85.11
73       88.566    83.48
74       88.62    85.64
75       88.502    83.96
76       88.886    79.61
77       88.58    84.04
78       88.718    84.85
79       88.692    83.57
80       91.938    89.28
81       92.99    89.35
82       93.302    89.6
83       93.688    90.03
84       93.79    89.4
85       93.932    89.67
86       93.89    89.82
87       94.298    90.01
88       94.284    89.98
89       94.568    90.08
90       94.5    89.81
91       94.622    90.01
92       94.706    89.83
93       94.576    90.05
94       94.92    89.84
95       94.922    89.94
96       94.942    89.8
97       95.072    89.33
98       95.15    89.91
99       95.23    89.84
100       95.228    90.12
101       95.302    89.55
102       95.38    89.92
103       95.314    89.94
104       95.604    89.88
105       95.34    89.98
106       95.444    89.66
107       95.652    89.54
108       95.834    89.81
109       95.714    89.42
110       95.67    89.94
111       95.676    89.95
112       96.026    89.25
113       95.736    89.87
114       96.064    89.86
115       95.972    89.58
116       95.986    89.51
117       95.878    89.43
118       96.12    89.41
119       96.208    89.95
120       96.484    90.22
121       96.704    90.25
122       96.746    90.24
123       96.914    90.02
124       97.004    90.51
125       96.932    90.45
126       97.066    90.27
127       97.066    90.4
128       96.98    89.54
129       96.912    90.44
130       97.032    90.07
131       97.202    90.41
132       97.164    90.45
133       97.1    90.24
134       97.148    89.98
135       97.15    89.76
136       97.27    90.15
137       97.118    90.4
138       97.14    90.38
139       97.186    90.24
140       97.178    90.49
141       97.08    90.32
142       97.152    90.19
143       97.222    90.01
144       97.266    90.43
145       97.166    90.24
146       97.196    90.14
147       97.148    89.94
148       97.182    90.13
149       97.298    90.16
150       97.18    90.4
151       97.112    90.46
152       97.132    90.39
153       97.306    90.38
154       97.31    90.04
155       97.3    90.11
156       97.364    90.05
157       97.198    90.09
158       97.37    90.31
159       97.178    90.39
160       97.36    90.21
161       97.346    90.34
162       97.318    90.31
163       97.348    90.2
164       97.3    90.31
165       97.324    90.41
166       97.294    89.96
167       97.342    90.3
168       97.318    90.08
169       97.384    90.18
170       97.426    90.16
171       97.382    90.3
172       97.3    90.14
173       97.254    90.31
174       97.402    90.06
175       97.316    89.86
176       97.364    90.29
177       97.31    90.0
178       97.394    90.08
179       97.322    90.08
180       97.446    90.19
181       97.332    90.05
182       97.232    90.48
183       97.312    90.22
184       97.444    90.14
185       97.226    90.48
186       97.372    90.13
187       97.3    90.13
188       97.332    90.32
189       97.336    90.17
190       97.362    90.21
191       97.498    90.38
192       97.334    90.15
193       97.58    90.49
194       97.512    90.17
195       97.43    90.32
196       97.496    90.26
197       97.362    90.25
198       97.444    89.97
199       97.44    90.11
