epochs train test
0       38.336    51.73
1       59.848    56.48
2       68.472    67.07
3       72.888    67.93
4       75.718    68.05
5       77.376    71.27
6       78.41    75.52
7       79.716    73.21
8       80.346    77.11
9       81.296    74.58
10       81.46    75.95
11       82.174    79.98
12       82.764    79.21
13       82.77    76.85
14       82.988    76.46
15       83.336    78.24
16       83.74    80.53
17       84.012    79.79
18       84.252    78.87
19       84.258    81.16
20       84.604    78.53
21       84.654    79.34
22       85.074    79.68
23       85.058    78.01
24       85.2    81.53
25       85.338    81.29
26       85.556    79.56
27       85.616    82.74
28       85.696    80.47
29       85.98    76.48
30       85.636    78.25
31       85.838    80.28
32       86.162    78.73
33       86.22    82.49
34       86.286    79.77
35       86.474    76.62
36       86.37    82.23
37       86.512    82.13
38       86.628    82.05
39       86.578    84.63
40       86.664    81.93
41       86.692    82.64
42       87.166    80.48
43       86.954    84.29
44       86.802    83.81
45       87.134    80.97
46       87.112    80.63
47       87.034    84.2
48       87.116    84.36
49       87.188    85.13
50       87.496    82.35
51       87.396    79.04
52       87.292    81.45
53       87.36    81.42
54       87.408    83.31
55       87.52    77.91
56       87.386    83.43
57       87.602    80.1
58       87.668    83.37
59       87.552    82.93
60       87.952    82.5
61       87.852    83.29
62       87.908    80.35
63       87.796    84.44
64       87.74    83.72
65       88.172    82.17
66       87.736    80.82
67       87.802    80.28
68       88.046    81.15
69       87.76    83.8
70       88.178    80.87
71       87.81    82.24
72       87.834    83.07
73       88.026    85.42
74       88.198    84.47
75       88.224    84.37
76       88.07    82.26
77       88.262    83.3
78       88.236    84.2
79       88.062    84.41
80       91.62    89.0
81       92.582    89.22
82       92.954    89.24
83       93.082    89.24
84       93.122    89.21
85       93.45    89.65
86       93.474    89.36
87       93.654    89.21
88       93.772    89.0
89       93.944    89.77
90       94.2    89.66
91       94.076    89.22
92       94.184    89.38
93       94.324    89.37
94       94.354    89.37
95       94.346    88.94
96       94.678    89.96
97       94.494    89.65
98       94.532    89.53
99       94.734    89.22
100       94.746    89.93
101       94.894    89.34
102       94.87    89.03
103       94.868    89.84
104       94.748    89.75
105       95.082    89.54
106       94.892    89.38
107       95.086    89.65
108       95.1    89.85
109       95.164    89.79
110       95.224    89.1
111       95.146    89.47
112       95.288    89.3
113       95.126    88.73
114       95.166    89.05
115       95.184    89.09
116       95.432    89.64
117       95.344    88.61
118       95.39    89.02
119       95.626    89.18
120       96.176    90.49
121       96.466    90.32
122       96.532    90.4
123       96.57    90.37
124       96.716    90.58
125       96.646    90.59
126       96.742    90.66
127       96.696    90.35
128       96.758    90.37
129       96.606    90.41
130       96.802    90.65
131       96.81    90.58
132       96.772    90.51
133       96.866    90.5
134       96.804    90.36
135       96.886    90.56
136       96.816    90.41
137       96.868    90.44
138       96.788    90.42
139       96.928    90.25
140       96.872    90.67
141       96.852    90.35
142       96.966    90.54
143       96.976    90.18
144       96.908    90.51
145       96.746    90.41
146       96.966    90.34
147       97.038    90.11
148       96.848    90.4
149       96.99    90.68
150       96.944    90.52
151       97.002    90.57
152       96.944    90.56
153       96.912    90.43
154       96.982    90.55
155       96.996    90.25
156       97.074    89.89
157       96.832    90.12
158       97.074    90.4
159       97.022    90.35
160       97.148    90.32
161       97.194    90.72
162       97.174    90.48
163       97.118    90.33
164       97.158    90.44
165       97.166    90.33
166       97.186    90.45
167       97.298    90.53
168       97.2    90.48
169       97.284    90.1
170       97.18    90.47
171       97.246    90.33
172       97.114    90.41
173       97.142    90.67
174       97.156    90.48
175       97.298    90.6
176       97.228    90.45
177       97.22    90.52
178       97.286    90.59
179       97.172    90.39
180       97.208    90.05
181       97.28    90.53
182       97.23    90.77
183       97.308    90.57
184       97.208    90.48
185       97.258    90.32
186       97.332    90.31
187       97.144    90.34
188       97.176    90.47
189       97.35    90.16
190       97.31    90.41
191       97.308    90.57
192       97.238    90.49
193       97.286    90.38
194       97.194    90.57
195       97.264    90.6
196       97.208    90.54
197       97.22    90.55
198       97.358    90.3
199       97.312    90.29
