epochs train test
0       42.77    55.81
1       62.884    56.82
2       70.422    68.32
3       74.96    71.42
4       76.962    73.83
5       78.86    77.0
6       80.016    78.05
7       80.962    80.12
8       81.798    75.53
9       82.308    80.32
10       82.688    79.36
11       83.488    80.74
12       83.704    76.49
13       84.346    78.83
14       84.248    79.71
15       84.666    80.1
16       84.86    82.0
17       85.062    81.16
18       85.494    81.6
19       85.396    83.16
20       85.892    81.91
21       85.958    83.68
22       85.938    82.34
23       86.388    80.68
24       86.594    79.16
25       86.582    82.61
26       86.658    83.22
27       86.442    85.5
28       86.86    83.39
29       87.032    84.12
30       86.798    82.87
31       87.182    83.73
32       87.236    82.97
33       87.614    83.8
34       87.444    81.06
35       87.416    81.35
36       87.582    83.66
37       87.764    83.29
38       87.646    81.41
39       87.806    84.14
40       87.948    82.95
41       88.124    83.33
42       88.15    83.7
43       88.274    83.35
44       88.24    84.24
45       88.256    81.1
46       88.288    84.79
47       88.19    82.15
48       88.55    84.03
49       88.356    86.25
50       88.462    84.51
51       88.522    84.1
52       88.494    85.73
53       88.578    81.33
54       88.588    84.21
55       88.804    83.14
56       88.768    85.43
57       88.664    85.1
58       89.05    83.25
59       89.01    83.35
60       89.046    83.67
61       89.002    86.06
62       88.95    84.54
63       89.024    86.56
64       89.098    83.64
65       89.148    85.79
66       89.144    84.38
67       89.298    85.18
68       89.258    84.97
69       88.976    85.21
70       89.086    83.3
71       89.364    83.83
72       89.256    85.97
73       89.29    85.5
74       89.274    82.82
75       89.28    85.38
76       89.014    85.15
77       89.23    85.94
78       89.522    84.98
79       89.17    85.28
80       92.262    89.54
81       93.506    90.21
82       94.088    90.06
83       94.354    90.33
84       94.46    90.16
85       94.76    90.42
86       94.82    90.24
87       95.03    90.63
88       95.166    90.43
89       95.344    90.57
90       95.51    90.58
91       95.578    90.58
92       95.49    90.79
93       95.656    90.4
94       95.836    90.66
95       95.954    90.58
96       95.972    90.63
97       96.142    90.41
98       96.09    90.49
99       96.172    90.52
100       96.222    90.65
101       96.44    90.8
102       96.45    90.47
103       96.518    90.63
104       96.632    90.59
105       96.682    90.5
106       96.62    90.79
107       96.768    90.5
108       96.92    90.59
109       96.854    90.48
110       96.904    90.59
111       96.84    90.48
112       97.024    90.5
113       97.004    90.5
114       97.188    90.28
115       97.052    90.52
116       97.224    90.86
117       97.23    90.63
118       97.254    90.43
119       97.25    90.47
120       97.682    90.79
121       97.864    90.87
122       97.934    90.78
123       97.922    90.89
124       97.99    90.79
125       97.974    90.89
126       98.006    90.89
127       98.084    90.96
128       97.992    90.98
129       98.006    90.8
130       98.084    90.88
131       98.15    90.76
132       98.134    90.88
133       98.146    90.83
134       98.168    90.9
135       98.238    90.82
136       98.2    90.84
137       98.168    90.92
138       98.192    90.96
139       98.158    91.0
140       98.27    90.88
141       98.144    91.02
142       98.166    90.88
143       98.3    90.88
144       98.308    90.92
145       98.258    90.77
146       98.37    90.8
147       98.268    90.86
148       98.316    90.82
149       98.366    90.79
150       98.182    90.9
151       98.356    90.98
152       98.368    90.85
153       98.472    90.98
154       98.366    90.8
155       98.386    90.98
156       98.448    90.83
157       98.404    90.93
158       98.334    90.88
159       98.428    90.86
160       98.474    90.84
161       98.346    91.01
162       98.44    90.93
163       98.376    91.05
164       98.382    90.85
165       98.408    90.87
166       98.456    90.9
167       98.448    90.85
168       98.532    90.96
169       98.428    90.91
170       98.474    90.93
171       98.432    90.96
172       98.47    90.9
173       98.5    90.98
174       98.546    90.95
175       98.41    90.99
176       98.53    90.86
177       98.498    90.84
178       98.43    90.82
179       98.566    90.79
180       98.49    90.84
181       98.526    90.96
182       98.486    90.99
183       98.5    91.03
184       98.564    91.02
185       98.454    90.84
186       98.528    91.02
187       98.48    90.89
188       98.476    90.98
189       98.49    91.07
190       98.476    90.94
191       98.498    90.96
192       98.628    91.02
193       98.55    90.84
194       98.57    90.95
195       98.478    90.88
196       98.534    91.01
197       98.534    90.95
198       98.502    90.92
199       98.496    90.89
