epochs train test
0       38.852    45.07
1       57.414    48.52
2       65.396    62.93
3       71.166    64.64
4       73.844    70.66
5       76.186    73.48
6       77.574    74.52
7       79.028    70.97
8       79.304    76.62
9       80.708    76.31
10       81.19    77.42
11       81.692    78.78
12       82.238    75.82
13       82.31    79.81
14       83.0    76.52
15       83.082    80.5
16       83.482    81.24
17       83.8    80.33
18       83.96    77.86
19       84.28    79.98
20       84.564    75.72
21       84.786    81.51
22       85.172    79.41
23       85.014    81.68
24       85.248    82.27
25       85.452    81.77
26       85.51    81.56
27       85.754    81.48
28       85.856    82.14
29       85.554    82.85
30       85.738    82.19
31       85.932    82.8
32       85.93    83.4
33       86.166    83.29
34       86.262    81.03
35       86.484    77.43
36       86.222    84.61
37       86.398    81.74
38       86.184    83.97
39       86.598    82.86
40       86.582    80.92
41       86.594    83.33
42       86.722    83.25
43       86.862    82.65
44       86.794    83.6
45       86.858    81.46
46       87.362    81.59
47       87.018    83.79
48       86.978    82.44
49       87.19    83.24
50       87.438    81.89
51       87.432    83.16
52       87.024    82.26
53       87.528    82.39
54       87.454    81.88
55       87.576    81.43
56       87.402    85.6
57       87.294    81.84
58       87.636    83.49
59       87.53    82.73
60       87.694    84.64
61       87.8    82.84
62       87.522    83.72
63       87.642    82.18
64       87.79    82.02
65       87.772    84.11
66       87.93    84.14
67       87.722    83.58
68       87.986    84.0
69       87.92    83.38
70       87.84    84.44
71       87.936    76.44
72       87.974    85.86
73       88.108    84.66
74       87.618    82.78
75       88.142    83.37
76       88.15    75.0
77       88.056    84.33
78       88.142    84.34
79       87.914    83.21
80       91.414    89.38
81       92.514    89.68
82       92.84    89.49
83       93.136    89.41
84       93.092    89.74
85       93.414    89.8
86       93.43    89.6
87       93.582    89.55
88       93.794    89.0
89       93.798    89.2
90       93.856    89.47
91       93.958    89.34
92       94.05    89.32
93       93.872    89.44
94       94.264    89.58
95       94.194    89.76
96       94.358    89.66
97       94.252    88.9
98       94.296    89.51
99       94.354    89.56
100       94.298    88.9
101       94.396    88.67
102       94.426    89.29
103       94.522    88.95
104       94.43    88.88
105       94.38    89.08
106       94.406    89.32
107       94.38    89.01
108       94.526    89.47
109       94.486    89.48
110       94.7    89.23
111       94.51    89.22
112       94.44    88.72
113       94.596    89.19
114       94.544    89.22
115       94.588    89.35
116       94.58    89.02
117       94.436    88.26
118       94.464    89.57
119       94.566    89.8
120       95.486    90.48
121       95.92    90.71
122       95.922    90.68
123       96.032    90.31
124       96.112    90.52
125       96.136    90.44
126       96.102    90.37
127       96.228    90.42
128       96.048    89.87
129       96.138    90.3
130       96.112    89.92
131       96.26    90.36
132       96.144    90.2
133       96.402    90.45
134       96.05    90.07
135       96.372    90.29
136       96.396    90.41
137       96.374    90.23
138       96.28    90.33
139       96.348    89.93
140       96.198    90.18
141       96.216    89.88
142       96.262    90.49
143       96.272    90.19
144       96.258    90.17
145       96.34    90.05
146       96.324    89.46
147       96.482    90.06
148       96.32    89.37
149       96.292    90.11
150       96.128    89.94
151       96.336    90.02
152       96.262    90.06
153       96.45    90.17
154       96.214    89.92
155       96.302    90.2
156       96.464    90.13
157       96.272    89.89
158       96.372    89.65
159       96.486    89.83
160       96.608    90.17
161       96.632    90.23
162       96.65    90.37
163       96.562    90.18
164       96.558    90.38
165       96.522    89.79
166       96.574    89.92
167       96.542    90.03
168       96.474    90.22
169       96.482    89.94
170       96.478    89.94
171       96.652    90.26
172       96.406    90.05
173       96.58    90.27
174       96.53    90.15
175       96.602    90.23
176       96.586    89.99
177       96.566    90.06
178       96.54    90.05
179       96.596    89.73
180       96.4    89.89
181       96.418    90.18
182       96.348    89.53
183       96.538    89.85
184       96.566    89.98
185       96.54    89.82
186       96.518    90.11
187       96.572    90.04
188       96.54    90.06
189       96.652    89.22
190       96.53    90.07
191       96.55    90.26
192       96.508    89.8
193       96.488    89.27
194       96.604    89.84
195       96.434    89.84
196       96.634    90.17
197       96.538    89.86
198       96.494    90.26
199       96.574    89.48
