epochs train test
0       24.364    32.37
1       43.168    46.5
2       54.488    46.97
3       61.4    52.03
4       65.336    59.29
5       67.864    66.36
6       70.904    63.24
7       72.898    68.2
8       73.574    66.5
9       74.882    73.84
10       75.372    74.35
11       76.294    67.94
12       76.892    69.48
13       76.904    71.43
14       77.748    75.0
15       77.944    75.1
16       78.548    74.5
17       78.864    70.22
18       78.748    72.54
19       78.68    71.73
20       79.028    70.69
21       79.292    70.15
22       80.09    74.84
23       79.774    69.9
24       80.212    69.91
25       80.144    67.36
26       80.236    77.02
27       80.398    71.45
28       80.898    78.89
29       81.03    71.45
30       81.19    75.09
31       80.908    75.81
32       81.086    77.35
33       81.256    79.1
34       81.418    74.69
35       81.624    77.37
36       82.028    78.8
37       81.722    77.62
38       82.19    73.71
39       82.596    80.12
40       82.358    79.92
41       82.18    74.11
42       82.482    78.67
43       82.376    78.31
44       82.476    76.42
45       82.386    79.43
46       82.908    76.52
47       82.844    79.12
48       82.644    77.96
49       82.646    76.74
50       82.946    77.93
51       82.838    79.26
52       82.864    79.39
53       82.782    77.83
54       82.806    74.06
55       83.292    72.05
56       83.216    78.66
57       82.93    79.2
58       83.114    77.59
59       83.494    71.88
60       83.7    78.43
61       83.58    80.33
62       83.72    74.9
63       83.614    79.65
64       83.63    77.96
65       83.83    75.57
66       83.526    79.97
67       83.96    77.79
68       83.95    70.24
69       83.892    79.6
70       83.764    70.9
71       83.424    75.42
72       83.528    72.39
73       83.244    80.27
74       83.67    78.3
75       84.004    77.23
76       84.236    81.78
77       84.28    81.95
78       84.09    80.52
79       83.968    76.22
80       87.402    85.24
81       88.326    85.72
82       88.634    86.75
83       89.142    85.92
84       89.202    85.76
85       89.266    86.12
86       89.112    86.46
87       89.668    86.07
88       89.862    86.53
89       89.646    86.6
90       89.928    85.21
91       89.742    86.45
92       89.886    86.3
93       89.66    85.65
94       89.972    85.77
95       89.95    85.49
96       90.064    86.07
97       90.11    86.47
98       90.08    85.17
99       90.02    85.71
100       90.018    86.51
101       90.088    84.81
102       90.31    86.81
103       90.342    86.62
104       90.514    84.73
105       90.362    85.88
106       90.41    81.97
107       90.268    86.35
108       90.336    85.44
109       90.374    82.32
110       90.508    85.4
111       90.288    85.94
112       90.4    84.29
113       90.354    86.81
114       90.596    86.0
115       90.526    82.78
116       90.67    83.38
117       90.65    85.67
118       90.804    87.07
119       90.756    87.1
120       91.568    88.13
121       91.892    88.15
122       91.828    88.31
123       92.016    88.42
124       92.064    87.26
125       91.928    87.56
126       92.116    88.55
127       92.106    88.17
128       92.126    87.98
129       91.992    88.38
130       91.902    87.81
131       91.948    88.39
132       92.08    88.16
133       91.958    87.63
134       92.132    87.4
135       92.156    87.87
136       91.974    87.8
137       91.84    87.79
138       92.16    87.46
139       92.214    88.19
140       91.828    88.28
141       92.07    88.12
142       91.982    87.67
143       92.144    86.83
144       92.06    87.65
145       92.076    87.74
146       92.072    87.79
147       92.162    88.11
148       92.04    87.72
149       92.008    87.88
150       91.986    87.96
151       92.252    87.25
152       92.036    87.83
153       92.002    87.67
154       92.17    88.07
155       92.214    88.4
156       91.996    88.16
157       92.024    86.75
158       92.01    88.5
159       92.0    87.5
160       92.384    88.15
161       92.43    87.82
162       92.468    88.29
163       92.166    87.43
164       92.264    87.56
165       92.324    88.24
166       92.324    87.32
167       92.298    87.72
168       92.308    86.37
169       92.262    87.69
170       92.288    87.81
171       92.242    87.71
172       92.214    86.99
173       92.162    87.13
174       92.062    87.84
175       92.168    88.15
176       92.106    87.83
177       92.198    87.33
178       92.266    87.87
179       92.33    87.76
180       92.268    87.77
181       92.304    87.12
182       92.07    88.07
183       92.332    87.75
184       92.336    87.51
185       92.272    87.84
186       92.398    86.34
187       92.444    88.45
188       92.2    86.87
189       92.208    88.26
190       92.244    87.97
191       92.108    88.02
192       91.944    87.75
193       92.29    87.83
194       92.18    87.1
195       92.362    87.7
196       92.046    87.78
197       91.92    87.41
198       92.168    87.75
199       92.09    88.17
