epochs train test
0       43.014    53.87
1       62.758    63.3
2       70.752    70.71
3       74.942    75.93
4       77.418    75.85
5       79.13    78.56
6       80.516    75.57
7       81.564    80.34
8       82.272    77.76
9       82.826    80.43
10       83.52    79.9
11       83.96    81.1
12       84.382    77.48
13       84.752    82.71
14       85.086    81.0
15       85.266    82.13
16       85.614    81.46
17       85.798    82.85
18       86.206    83.4
19       86.174    82.63
20       86.356    82.48
21       86.612    83.56
22       86.672    81.11
23       87.008    82.16
24       86.924    81.31
25       87.214    83.81
26       87.124    82.37
27       87.386    82.78
28       87.534    84.27
29       87.792    83.09
30       87.662    83.76
31       87.698    83.92
32       87.95    83.91
33       87.97    85.0
34       88.034    82.58
35       88.194    83.26
36       88.17    85.07
37       88.372    83.29
38       88.44    85.54
39       88.528    84.48
40       88.634    85.4
41       88.518    84.38
42       88.888    85.8
43       88.75    80.58
44       88.96    84.88
45       88.53    84.72
46       89.006    82.6
47       88.876    85.9
48       88.838    85.77
49       89.082    85.61
50       89.024    84.91
51       89.122    85.17
52       89.164    82.71
53       89.136    85.13
54       89.278    84.94
55       89.286    85.28
56       89.122    85.95
57       89.254    85.78
58       89.416    79.72
59       89.34    82.18
60       89.418    85.16
61       89.406    85.55
62       89.418    85.87
63       89.428    86.44
64       89.538    86.07
65       89.738    85.01
66       89.624    86.19
67       89.692    85.2
68       89.75    84.81
69       89.48    86.5
70       89.606    85.72
71       89.712    86.25
72       89.702    82.79
73       89.612    85.83
74       90.07    86.47
75       89.93    85.31
76       89.592    80.09
77       89.788    86.53
78       89.908    85.72
79       89.824    85.89
80       93.094    90.25
81       94.208    90.53
82       94.602    90.81
83       94.854    90.87
84       95.04    90.69
85       95.072    90.79
86       95.28    90.76
87       95.48    90.97
88       95.628    90.93
89       95.94    90.9
90       96.006    90.85
91       96.004    91.3
92       96.112    91.04
93       96.138    91.16
94       96.324    91.24
95       96.58    91.33
96       96.52    91.01
97       96.724    91.16
98       96.75    90.99
99       96.844    90.69
100       96.774    90.99
101       96.822    91.14
102       96.974    90.9
103       97.034    91.01
104       97.202    90.91
105       97.03    90.89
106       97.054    90.97
107       97.238    90.77
108       97.28    90.99
109       97.256    90.94
110       97.366    90.86
111       97.398    90.79
112       97.342    91.04
113       97.368    91.09
114       97.584    90.7
115       97.408    90.45
116       97.686    90.85
117       97.48    90.52
118       97.66    90.95
119       97.658    90.82
120       98.036    91.24
121       98.19    91.32
122       98.294    91.49
123       98.492    91.31
124       98.498    91.37
125       98.428    91.41
126       98.514    91.36
127       98.47    91.42
128       98.538    91.52
129       98.542    91.5
130       98.56    91.41
131       98.624    91.44
132       98.592    91.41
133       98.574    91.39
134       98.576    91.35
135       98.652    91.48
136       98.672    91.54
137       98.576    91.41
138       98.626    91.39
139       98.65    91.27
140       98.652    91.21
141       98.602    91.33
142       98.794    91.18
143       98.666    91.29
144       98.618    91.39
145       98.75    91.4
146       98.708    91.33
147       98.74    91.43
148       98.688    91.34
149       98.778    91.24
150       98.718    91.27
151       98.708    91.37
152       98.788    91.41
153       98.776    91.3
154       98.714    91.3
155       98.786    91.28
156       98.92    91.33
157       98.726    91.24
158       98.762    91.26
159       98.846    91.41
160       98.814    91.18
161       98.77    91.17
162       98.932    91.29
163       98.752    91.35
164       98.868    91.33
165       98.892    91.45
166       98.934    91.3
167       98.846    91.35
168       98.95    91.42
169       98.816    91.4
170       98.93    91.39
171       98.896    91.22
172       98.944    91.26
173       98.924    91.43
174       98.89    91.31
175       98.87    91.4
176       98.892    91.32
177       98.912    91.29
178       98.852    91.29
179       98.924    91.19
180       98.886    91.18
181       98.982    91.32
182       98.886    91.26
183       98.874    91.34
184       98.928    91.24
185       98.948    91.26
186       98.976    91.31
187       98.97    91.36
188       98.914    91.28
189       99.028    91.27
190       98.978    91.33
191       99.002    91.21
192       99.014    91.37
193       98.946    91.31
194       98.924    91.42
195       99.044    91.21
196       98.94    91.42
197       98.928    91.39
198       98.962    91.23
199       98.92    91.39
