epochs train test
0       15.486    17.45
1       20.076    19.49
2       22.442    24.63
3       24.966    14.77
4       27.552    26.59
5       29.004    27.45
6       30.608    31.01
7       31.888    32.65
8       33.504    33.14
9       35.192    35.06
10       37.448    38.23
11       38.688    40.52
12       40.026    38.64
13       41.262    36.57
14       42.324    33.19
15       43.652    43.41
16       44.084    41.09
17       45.97    33.57
18       46.972    43.15
19       48.22    42.6
20       48.912    50.25
21       50.21    45.36
22       50.516    50.25
23       51.28    53.82
24       51.61    35.87
25       52.596    40.56
26       52.926    41.09
27       53.744    49.85
28       54.102    46.81
29       54.456    42.95
30       55.094    51.75
31       55.534    44.19
32       55.758    51.14
33       56.864    45.85
34       57.056    41.32
35       57.176    44.91
36       57.744    51.58
37       58.172    54.49
38       58.532    55.12
39       58.532    58.79
40       59.058    54.24
41       58.99    52.32
42       59.448    55.69
43       60.092    52.55
44       59.798    54.76
45       59.926    41.75
46       60.406    59.82
47       59.946    48.66
48       60.402    55.67
49       61.12    55.48
50       61.28    60.84
51       61.6    55.66
52       62.032    47.48
53       61.958    56.87
54       62.232    50.55
55       62.486    55.79
56       62.912    54.53
57       62.708    61.42
58       62.812    60.67
59       63.542    55.29
60       64.136    49.0
61       63.856    52.37
62       63.638    57.54
63       64.302    56.12
64       64.474    61.27
65       64.566    58.26
66       65.04    61.8
67       65.168    64.22
68       65.138    60.97
69       65.382    58.94
70       65.458    54.75
71       65.898    61.02
72       66.134    63.0
73       66.076    60.71
74       66.558    63.26
75       66.26    61.8
76       66.458    52.03
77       65.976    52.96
78       66.11    62.5
79       66.658    58.68
80       68.862    67.09
81       68.738    67.07
82       68.708    66.0
83       69.034    67.75
84       68.832    68.64
85       69.234    67.14
86       68.97    66.29
87       68.706    67.19
88       69.346    65.25
89       68.938    68.29
90       69.402    68.57
91       69.302    67.44
92       69.436    65.95
93       69.438    66.55
94       69.226    70.24
95       69.148    67.6
96       69.618    67.83
97       69.11    67.57
98       69.358    67.64
99       69.344    67.27
100       69.236    67.59
101       69.17    65.22
102       69.634    66.11
103       69.428    69.32
104       69.696    65.4
105       69.384    68.32
106       69.338    67.67
107       69.814    58.61
108       69.448    67.1
109       69.714    63.72
110       69.572    67.85
111       69.736    66.27
112       69.95    67.4
113       69.652    66.02
114       69.886    67.01
115       69.884    63.2
116       69.928    66.09
117       70.392    69.12
118       70.116    68.85
119       70.282    66.0
120       71.07    70.61
121       70.726    70.8
122       71.094    69.98
123       71.126    69.93
124       71.184    70.19
125       70.996    69.51
126       71.122    69.97
127       71.162    69.55
128       71.414    71.55
129       70.888    66.04
130       70.99    68.97
131       70.85    71.08
132       70.95    70.15
133       70.878    70.29
134       70.858    71.75
135       71.206    70.16
136       71.116    70.46
137       70.99    69.1
138       71.184    70.57
139       71.096    69.99
140       71.034    67.2
141       70.998    70.84
142       70.928    70.52
143       71.216    68.48
144       71.076    69.18
145       70.904    70.74
146       71.22    70.07
147       71.158    69.31
148       70.72    71.08
149       71.014    66.42
150       70.728    69.69
151       70.946    70.31
152       71.004    69.0
153       70.692    69.55
154       70.954    69.7
155       71.332    69.9
156       71.358    70.28
157       71.372    67.37
158       71.154    70.11
159       70.784    70.16
160       70.93    70.15
161       70.844    70.91
162       70.582    71.03
163       71.286    70.39
164       71.39    69.06
165       71.252    71.17
166       71.036    71.13
167       70.934    70.18
168       71.286    70.69
169       71.386    70.67
170       71.006    68.46
171       70.896    68.24
172       70.774    69.74
173       70.8    71.95
174       70.976    68.63
175       70.974    70.72
176       71.086    71.15
177       71.096    71.72
178       71.236    67.62
179       70.81    71.3
180       71.032    68.73
181       70.796    70.79
182       70.708    69.16
183       71.008    68.45
184       71.342    71.03
185       70.92    68.93
186       70.834    69.77
187       70.924    70.18
188       70.912    65.71
189       70.88    70.79
190       70.876    69.14
191       71.28    65.38
192       70.926    69.7
193       71.0    70.5
194       70.788    66.66
195       70.96    69.72
196       71.31    68.84
197       71.116    66.85
198       71.064    69.07
199       71.548    67.47
