epochs train test
0       38.91    43.58
1       58.254    60.35
2       65.592    68.02
3       69.892    64.13
4       73.45    72.97
5       75.496    72.47
6       77.096    73.79
7       78.084    75.39
8       79.082    75.27
9       80.068    72.33
10       80.29    77.82
11       81.012    79.07
12       81.364    75.94
13       81.932    75.12
14       82.088    78.66
15       82.742    77.99
16       83.238    78.96
17       83.222    80.55
18       83.286    81.06
19       83.332    80.7
20       83.782    75.85
21       84.28    80.36
22       84.498    78.87
23       84.552    79.6
24       84.944    82.23
25       84.966    82.06
26       85.106    77.6
27       85.142    82.0
28       85.156    81.14
29       85.316    80.75
30       85.362    82.09
31       85.396    83.88
32       85.672    83.61
33       85.928    79.17
34       86.214    80.24
35       86.054    79.21
36       86.242    82.46
37       85.876    81.87
38       86.158    79.4
39       86.188    82.91
40       86.17    80.36
41       86.464    76.74
42       86.376    83.2
43       86.416    81.29
44       86.38    83.46
45       86.582    83.29
46       86.82    71.77
47       86.69    82.22
48       86.704    78.22
49       86.56    79.56
50       86.988    82.67
51       86.76    77.2
52       86.598    80.24
53       87.01    83.11
54       86.842    82.98
55       86.932    84.54
56       86.966    83.32
57       86.914    78.44
58       87.374    81.36
59       87.282    83.16
60       87.412    83.07
61       87.21    83.97
62       87.158    82.53
63       87.322    79.38
64       87.208    81.51
65       87.606    81.32
66       87.57    84.24
67       87.436    79.97
68       87.644    81.82
69       87.472    82.56
70       87.6    85.12
71       87.722    83.02
72       87.554    83.59
73       87.774    84.7
74       87.38    82.81
75       87.67    82.73
76       87.676    83.9
77       87.654    81.04
78       87.646    83.71
79       87.67    85.05
80       91.19    88.89
81       92.264    88.58
82       92.39    88.7
83       92.68    88.86
84       92.816    89.02
85       92.988    89.26
86       93.198    88.15
87       93.186    89.16
88       93.186    89.04
89       93.558    89.36
90       93.64    89.19
91       93.674    89.39
92       93.852    89.28
93       93.888    89.08
94       93.954    89.04
95       94.098    89.01
96       94.152    89.31
97       93.954    89.56
98       94.408    89.65
99       94.112    89.59
100       94.44    89.7
101       94.298    89.5
102       94.57    89.09
103       94.622    89.88
104       94.598    90.23
105       94.68    89.14
106       94.702    89.17
107       94.582    89.27
108       94.82    90.04
109       94.862    89.38
110       94.906    88.84
111       94.908    89.21
112       94.87    89.08
113       94.872    88.33
114       94.93    89.73
115       94.856    89.52
116       94.876    89.03
117       94.738    89.13
118       94.974    89.23
119       94.876    89.33
120       95.606    89.84
121       95.808    90.3
122       95.864    90.18
123       95.97    90.15
124       95.902    90.35
125       96.154    90.02
126       96.022    90.22
127       95.968    90.14
128       96.058    90.38
129       96.052    90.38
130       96.048    89.73
131       96.156    90.04
132       96.13    89.62
133       96.286    89.9
134       96.098    90.13
135       96.166    89.93
136       96.29    90.33
137       96.194    90.09
138       96.132    89.71
139       96.32    90.08
140       96.156    90.3
141       96.186    90.11
142       96.314    90.27
143       96.266    89.83
144       96.256    90.03
145       96.154    90.14
146       96.192    89.89
147       96.246    90.22
148       96.334    89.87
149       96.334    90.39
150       96.28    89.88
151       96.372    89.47
152       96.162    90.17
153       96.344    90.05
154       96.31    89.77
155       96.37    89.74
156       96.334    89.74
157       96.23    90.0
158       96.366    90.46
159       96.328    89.59
160       96.474    90.02
161       96.408    89.87
162       96.528    90.2
163       96.44    90.4
164       96.48    90.29
165       96.468    90.38
166       96.378    89.95
167       96.346    90.12
168       96.482    90.04
169       96.47    89.73
170       96.35    89.92
171       96.418    90.06
172       96.422    90.52
173       96.342    89.35
174       96.298    89.84
175       96.41    89.76
176       96.504    89.91
177       96.468    89.86
178       96.456    89.94
179       96.532    90.39
180       96.454    90.27
181       96.604    89.85
182       96.434    90.05
183       96.486    90.12
184       96.432    89.75
185       96.324    90.21
186       96.466    89.84
187       96.546    89.5
188       96.412    89.85
189       96.426    90.13
190       96.388    89.9
191       96.596    90.07
192       96.586    90.16
193       96.504    90.0
194       96.546    89.68
195       96.482    90.23
196       96.52    90.0
197       96.514    89.75
198       96.628    90.1
199       96.506    89.96
