epochs train test
0       41.93    52.93
1       61.466    57.33
2       69.52    69.52
3       74.108    73.4
4       76.778    71.91
5       78.688    75.6
6       79.814    75.86
7       80.982    76.1
8       81.642    78.17
9       82.334    80.01
10       82.652    80.9
11       83.442    77.55
12       83.856    74.41
13       84.288    76.15
14       84.414    79.31
15       84.69    81.82
16       84.904    81.94
17       85.24    81.64
18       85.612    79.63
19       85.602    82.37
20       86.028    82.95
21       86.172    83.06
22       86.336    80.77
23       86.56    83.32
24       86.238    81.11
25       86.586    80.57
26       86.82    82.07
27       86.886    82.89
28       86.814    84.04
29       87.054    84.36
30       87.222    83.69
31       87.266    83.78
32       87.546    85.18
33       87.428    82.6
34       87.4    82.73
35       87.922    83.66
36       87.768    84.96
37       87.768    84.83
38       87.866    80.45
39       88.114    83.6
40       88.2    84.49
41       88.188    81.54
42       88.268    82.96
43       88.362    84.17
44       88.226    84.38
45       88.232    81.47
46       88.314    83.28
47       88.166    84.09
48       88.238    85.36
49       88.312    84.3
50       88.554    84.19
51       88.406    83.17
52       88.534    84.39
53       88.572    82.19
54       88.716    84.21
55       88.786    84.69
56       88.594    85.5
57       88.594    82.32
58       88.914    84.59
59       88.664    82.28
60       88.878    84.45
61       88.932    85.44
62       88.898    84.6
63       88.942    84.45
64       88.896    84.62
65       89.004    83.05
66       88.93    85.35
67       89.136    85.06
68       89.168    84.17
69       89.138    85.03
70       89.08    85.07
71       89.336    83.05
72       89.274    85.85
73       89.184    85.66
74       89.368    82.61
75       89.06    85.48
76       89.088    84.12
77       89.37    83.39
78       89.476    85.03
79       89.222    85.74
80       92.61    89.75
81       93.572    90.09
82       93.908    89.67
83       94.478    90.1
84       94.398    90.12
85       94.572    89.99
86       94.776    90.06
87       95.034    90.14
88       95.158    90.2
89       95.214    90.09
90       95.298    90.28
91       95.412    90.26
92       95.47    90.44
93       95.614    89.79
94       95.614    90.25
95       95.866    89.79
96       95.822    90.25
97       95.92    89.8
98       95.974    90.26
99       96.056    90.1
100       96.122    90.27
101       96.118    90.74
102       96.304    90.42
103       96.548    90.15
104       96.542    90.12
105       96.42    90.28
106       96.502    90.36
107       96.43    89.71
108       96.558    90.26
109       96.658    90.31
110       96.732    89.75
111       96.678    90.07
112       96.766    90.2
113       96.832    90.61
114       96.796    90.43
115       96.95    90.15
116       96.93    90.35
117       96.894    89.94
118       96.946    90.14
119       97.052    90.22
120       97.366    90.71
121       97.76    90.8
122       97.864    90.78
123       97.88    90.78
124       97.996    90.9
125       98.012    91.01
126       97.984    90.81
127       98.112    90.78
128       98.092    90.75
129       97.97    90.74
130       98.118    90.82
131       98.168    90.62
132       98.158    90.89
133       98.088    90.96
134       98.16    90.85
135       98.212    90.97
136       98.314    90.98
137       98.178    90.8
138       98.214    90.75
139       98.318    90.83
140       98.222    90.77
141       98.146    91.12
142       98.178    90.81
143       98.242    90.74
144       98.312    91.04
145       98.208    90.82
146       98.262    90.92
147       98.372    90.84
148       98.336    90.84
149       98.258    90.95
150       98.242    90.81
151       98.41    90.82
152       98.308    90.82
153       98.48    90.73
154       98.348    90.95
155       98.32    90.61
156       98.446    90.88
157       98.354    90.83
158       98.31    90.72
159       98.326    90.65
160       98.414    90.85
161       98.46    91.11
162       98.472    90.82
163       98.428    90.87
164       98.53    90.91
165       98.442    91.1
166       98.502    90.98
167       98.45    90.93
168       98.476    91.04
169       98.432    90.91
170       98.536    90.78
171       98.484    90.72
172       98.526    90.91
173       98.488    90.92
174       98.592    90.71
175       98.562    90.85
176       98.518    90.75
177       98.53    90.73
178       98.562    90.89
179       98.572    90.86
180       98.562    90.89
181       98.614    90.77
182       98.446    90.93
183       98.536    90.72
184       98.54    91.1
185       98.61    90.74
186       98.614    90.98
187       98.6    90.84
188       98.554    91.09
189       98.472    90.8
190       98.692    90.87
191       98.668    90.83
192       98.558    90.77
193       98.514    90.71
194       98.594    90.77
195       98.52    90.69
196       98.508    91.06
197       98.532    90.87
198       98.62    90.59
199       98.688    90.88
