epochs train test
0       17.466    22.43
1       25.802    22.63
2       32.406    25.54
3       36.29    35.91
4       38.372    40.44
5       41.768    43.51
6       43.588    37.06
7       45.102    46.37
8       47.716    46.09
9       49.62    45.07
10       51.656    47.01
11       53.292    53.1
12       53.816    50.05
13       54.942    51.04
14       56.128    37.73
15       57.114    51.98
16       57.682    53.65
17       58.488    36.35
18       59.596    57.71
19       60.434    35.92
20       60.788    57.77
21       61.284    46.22
22       62.034    56.68
23       62.696    57.37
24       63.656    55.88
25       63.988    62.96
26       64.51    62.54
27       64.846    57.51
28       65.394    58.91
29       65.826    56.34
30       66.32    59.29
31       66.654    61.44
32       67.134    59.81
33       67.608    55.96
34       67.928    59.03
35       68.178    45.41
36       68.006    61.68
37       68.592    58.21
38       69.148    66.62
39       69.338    58.85
40       69.326    58.15
41       69.008    68.11
42       69.664    62.98
43       70.026    63.05
44       70.168    61.6
45       70.256    68.55
46       70.474    61.0
47       71.09    62.29
48       71.222    58.63
49       71.09    67.78
50       71.848    69.18
51       72.088    64.12
52       71.912    68.09
53       71.862    67.71
54       72.144    64.81
55       72.508    66.95
56       72.488    63.46
57       72.99    64.56
58       73.264    64.41
59       73.124    61.3
60       73.718    64.34
61       73.738    66.99
62       73.562    72.1
63       74.156    62.76
64       74.32    71.23
65       74.144    65.24
66       74.2    65.01
67       74.56    69.93
68       74.504    63.76
69       74.826    60.96
70       75.01    72.03
71       74.9    69.79
72       75.176    67.36
73       75.112    71.17
74       75.466    67.08
75       75.204    68.93
76       75.268    69.82
77       75.688    72.04
78       76.014    68.0
79       75.476    66.32
80       78.166    72.55
81       78.65    77.48
82       78.362    75.98
83       78.434    71.27
84       78.404    75.85
85       78.19    74.39
86       78.414    73.75
87       78.452    74.87
88       78.932    76.62
89       78.746    71.27
90       78.634    77.44
91       78.896    76.07
92       78.572    73.55
93       78.128    74.85
94       78.652    73.73
95       78.754    75.72
96       78.57    74.89
97       78.642    73.28
98       78.702    75.55
99       78.854    72.57
100       78.636    72.27
101       78.646    71.37
102       78.654    76.51
103       79.06    75.29
104       79.096    75.58
105       79.232    70.83
106       78.698    73.3
107       78.766    74.09
108       79.12    72.17
109       78.938    74.77
110       78.782    74.65
111       78.854    75.64
112       78.768    76.38
113       78.764    74.99
114       78.86    72.72
115       78.76    73.39
116       78.852    76.03
117       78.788    76.63
118       79.024    75.71
119       78.958    55.14
120       79.982    78.38
121       80.11    76.84
122       80.05    76.74
123       79.886    77.45
124       79.874    79.32
125       80.002    79.29
126       80.102    78.97
127       80.196    75.85
128       80.114    77.99
129       80.036    78.39
130       80.208    77.97
131       79.988    76.96
132       79.89    77.97
133       79.884    77.07
134       79.804    77.22
135       79.774    78.77
136       80.142    77.5
137       79.746    76.09
138       79.882    78.36
139       80.16    78.25
140       79.994    70.41
141       80.042    77.33
142       79.706    76.94
143       79.862    75.36
144       79.864    76.62
145       79.96    77.68
146       80.134    76.92
147       79.986    76.78
148       79.858    76.82
149       79.792    79.25
150       80.0    72.2
151       79.844    78.43
152       79.826    76.28
153       79.718    76.63
154       80.054    77.46
155       79.872    78.37
156       79.854    76.88
157       79.814    75.98
158       80.06    77.6
159       80.07    75.36
160       80.014    78.99
161       79.932    76.41
162       80.118    77.85
163       80.168    78.77
164       80.112    77.35
165       79.86    76.17
166       80.34    76.87
167       80.016    75.26
168       80.26    78.03
169       80.052    77.97
170       79.954    77.93
171       80.192    77.69
172       80.088    79.09
173       79.774    77.71
174       79.858    76.87
175       79.918    77.66
176       79.788    73.95
177       79.904    78.06
178       79.994    78.12
179       79.962    76.37
180       79.912    77.61
181       80.112    77.4
182       80.074    77.11
183       79.934    77.27
184       80.138    77.73
185       79.77    79.2
186       79.858    75.81
187       79.796    78.84
188       79.884    75.22
189       80.302    78.97
190       79.966    73.3
191       79.91    76.54
192       80.138    78.83
193       79.93    79.19
194       80.234    75.62
195       79.884    78.42
196       80.058    77.86
197       80.162    74.67
198       80.102    77.32
199       80.104    78.8
