epochs train test
0       33.37    42.53
1       50.482    53.4
2       59.33    61.06
3       64.634    59.04
4       68.486    63.89
5       70.288    69.65
6       71.648    66.11
7       72.884    70.94
8       74.136    67.04
9       74.618    69.95
10       75.232    61.45
11       75.954    70.9
12       76.33    59.89
13       76.35    68.19
14       76.946    67.11
15       77.158    72.45
16       77.284    69.01
17       77.614    69.22
18       77.866    69.7
19       78.04    71.79
20       78.012    73.14
21       78.224    70.86
22       78.584    72.46
23       78.764    72.41
24       78.78    75.64
25       79.472    69.39
26       78.982    77.01
27       79.044    74.81
28       79.256    67.44
29       78.942    69.98
30       79.474    66.69
31       79.552    76.6
32       79.81    70.07
33       79.73    74.17
34       79.742    75.54
35       79.866    75.46
36       79.454    66.55
37       80.162    74.8
38       79.762    75.26
39       79.99    73.96
40       80.16    69.56
41       80.0    69.05
42       80.232    76.87
43       80.17    71.38
44       80.228    63.29
45       80.34    73.6
46       80.388    72.99
47       80.122    74.27
48       80.226    69.8
49       80.094    74.38
50       80.574    73.06
51       80.51    78.0
52       80.206    73.88
53       80.412    62.49
54       80.566    53.82
55       80.434    75.47
56       80.316    72.03
57       80.63    72.23
58       80.96    73.86
59       80.782    71.4
60       80.51    73.35
61       80.558    76.66
62       80.552    67.71
63       80.668    72.84
64       80.936    73.48
65       80.56    76.68
66       80.5    74.76
67       80.994    69.48
68       80.886    69.54
69       80.414    68.91
70       80.708    74.49
71       80.534    73.11
72       80.71    74.33
73       80.862    62.56
74       80.704    73.5
75       80.666    51.97
76       80.804    71.64
77       80.764    69.55
78       80.702    71.54
79       80.822    78.45
80       85.044    84.04
81       86.358    83.45
82       86.696    83.27
83       86.926    84.03
84       87.18    81.59
85       87.454    84.88
86       87.258    82.47
87       87.39    84.88
88       87.686    83.9
89       87.61    83.6
90       87.588    83.49
91       87.544    85.02
92       87.5    83.28
93       87.514    84.05
94       87.74    84.6
95       87.934    85.74
96       87.594    84.61
97       87.936    84.58
98       87.93    84.91
99       87.88    83.83
100       87.858    84.56
101       87.94    83.31
102       87.848    82.51
103       87.938    79.22
104       88.136    84.8
105       88.096    82.54
106       88.006    82.85
107       87.75    83.67
108       88.004    84.15
109       87.988    80.77
110       87.96    81.81
111       87.834    83.02
112       87.902    84.15
113       87.992    82.64
114       88.084    84.28
115       88.162    84.69
116       87.95    79.48
117       88.06    84.77
118       87.93    85.45
119       88.042    83.85
120       89.996    87.28
121       90.368    87.09
122       90.478    86.69
123       90.684    86.64
124       90.782    86.59
125       90.736    86.8
126       90.928    86.86
127       90.642    85.61
128       90.79    86.73
129       90.706    86.64
130       90.676    86.52
131       90.782    86.63
132       90.72    87.29
133       90.862    86.79
134       90.896    86.68
135       90.89    86.21
136       90.678    86.93
137       90.706    86.27
138       90.732    87.16
139       90.778    86.72
140       90.702    86.28
141       90.692    85.87
142       90.83    85.47
143       90.726    85.79
144       90.746    86.87
145       90.664    84.45
146       90.694    86.08
147       90.672    86.76
148       90.728    84.85
149       90.886    85.97
150       90.606    86.85
151       90.716    86.06
152       90.468    86.21
153       90.678    86.85
154       90.69    86.25
155       90.66    85.74
156       90.698    85.27
157       90.578    86.03
158       90.852    85.67
159       90.746    86.22
160       91.256    86.11
161       91.138    85.04
162       91.174    84.13
163       91.206    83.63
164       91.032    86.82
165       91.036    86.09
166       91.032    86.03
167       90.99    85.06
168       91.15    85.96
169       91.138    85.47
170       90.98    85.23
171       90.892    86.03
172       90.896    85.4
173       91.098    85.64
174       90.914    86.13
175       91.022    86.48
176       90.932    86.63
177       90.902    86.03
178       90.902    86.8
179       90.82    86.18
180       91.056    85.83
181       90.912    85.52
182       91.03    86.2
183       90.842    85.67
184       90.9    85.54
185       90.844    85.37
186       90.91    85.12
187       91.098    87.33
188       90.962    86.16
189       90.91    85.51
190       91.174    86.59
191       90.972    86.05
192       90.96    85.57
193       90.882    86.01
194       91.026    85.16
195       91.008    87.21
196       91.27    86.25
197       91.204    86.19
198       90.9    85.64
199       91.082    86.98
