epochs train test
0       42.886    47.23
1       61.6    57.93
2       69.05    69.64
3       73.412    70.9
4       76.028    64.24
5       77.822    74.0
6       79.296    77.72
7       80.22    77.47
8       80.68    78.99
9       81.246    76.65
10       81.678    77.14
11       82.144    78.92
12       82.722    79.43
13       83.106    81.13
14       83.024    80.75
15       83.496    78.97
16       83.996    81.15
17       84.286    80.0
18       84.52    81.65
19       84.666    82.4
20       84.92    83.07
21       84.992    80.94
22       85.256    75.76
23       85.278    82.18
24       85.294    78.25
25       85.328    81.04
26       85.6    80.72
27       85.668    80.59
28       85.824    82.43
29       86.21    83.31
30       86.036    83.04
31       85.962    82.03
32       86.216    82.83
33       86.308    83.63
34       86.612    84.29
35       86.722    83.02
36       86.616    83.58
37       86.616    83.04
38       86.588    81.05
39       86.772    80.82
40       87.006    84.34
41       86.766    82.94
42       87.054    83.78
43       87.058    82.96
44       86.98    81.1
45       87.32    81.3
46       87.196    81.14
47       87.272    82.86
48       87.428    82.88
49       87.274    85.04
50       87.628    82.59
51       87.35    82.32
52       87.436    84.3
53       87.73    81.08
54       87.544    83.74
55       87.622    81.03
56       87.52    84.08
57       87.72    84.15
58       87.69    84.36
59       87.874    81.17
60       87.88    83.33
61       87.946    84.46
62       87.742    83.96
63       88.058    84.85
64       88.02    84.62
65       88.0    82.9
66       87.976    85.18
67       88.02    82.11
68       88.1    83.68
69       88.042    84.72
70       88.156    83.2
71       88.096    84.73
72       88.352    84.64
73       88.084    83.79
74       88.156    84.02
75       88.444    84.08
76       88.242    84.21
77       88.442    85.17
78       88.366    85.0
79       88.336    84.15
80       91.466    89.11
81       92.396    89.19
82       92.84    89.27
83       93.132    89.27
84       93.274    89.02
85       93.392    89.86
86       93.564    89.41
87       93.674    89.46
88       93.992    89.68
89       94.056    89.72
90       94.174    89.89
91       94.164    89.51
92       94.37    89.27
93       94.4    89.15
94       94.46    89.71
95       94.498    89.47
96       94.76    89.78
97       94.63    90.0
98       94.824    89.27
99       94.788    89.77
100       94.884    89.96
101       94.978    88.58
102       94.954    89.4
103       95.158    89.72
104       95.148    89.21
105       95.134    89.37
106       95.244    89.15
107       95.122    89.42
108       95.374    89.22
109       95.334    89.96
110       95.524    89.74
111       95.27    89.62
112       95.596    89.71
113       95.608    89.58
114       95.598    89.82
115       95.602    89.59
116       95.588    89.75
117       95.574    89.69
118       95.67    89.47
119       95.766    89.68
120       96.334    90.21
121       96.668    90.35
122       96.608    90.15
123       96.746    90.59
124       96.796    90.35
125       96.836    90.44
126       96.916    90.38
127       96.882    90.55
128       96.924    90.45
129       96.844    90.65
130       96.916    90.55
131       96.998    90.56
132       96.964    90.4
133       96.85    90.17
134       96.946    90.29
135       96.938    90.45
136       97.052    90.32
137       96.968    90.38
138       96.96    90.49
139       96.934    90.33
140       97.038    90.55
141       97.026    90.58
142       97.016    90.11
143       97.234    90.38
144       97.052    90.29
145       97.05    90.44
146       97.008    90.22
147       97.014    90.13
148       97.154    90.44
149       97.126    90.34
150       97.058    90.07
151       97.126    90.34
152       97.134    90.4
153       97.194    90.35
154       97.108    90.03
155       97.156    90.46
156       97.248    90.07
157       97.168    90.52
158       97.16    90.22
159       97.03    90.2
160       97.192    90.74
161       97.216    90.53
162       97.266    90.53
163       97.35    90.67
164       97.31    90.4
165       97.322    90.67
166       97.276    90.15
167       97.33    90.25
168       97.234    90.53
169       97.392    90.64
170       97.288    90.41
171       97.328    90.47
172       97.344    90.28
173       97.352    90.47
174       97.198    90.65
175       97.276    90.3
176       97.224    90.44
177       97.386    90.68
178       97.438    90.19
179       97.37    90.16
180       97.328    90.45
181       97.42    90.44
182       97.38    90.45
183       97.44    90.83
184       97.404    90.49
185       97.32    90.51
186       97.468    90.35
187       97.416    90.4
188       97.304    90.49
189       97.296    90.2
190       97.218    90.07
191       97.368    90.5
192       97.244    90.47
193       97.356    90.48
194       97.442    90.08
195       97.316    90.22
196       97.324    90.53
197       97.37    90.12
198       97.354    90.47
199       97.462    90.44
