epochs train test
0       42.104    53.35
1       61.516    60.66
2       69.676    72.32
3       74.276    73.5
4       76.312    71.76
5       78.496    75.04
6       79.446    78.5
7       80.668    76.18
8       81.49    80.22
9       81.982    77.46
10       82.74    80.73
11       83.134    81.6
12       83.764    78.65
13       84.222    81.01
14       84.246    78.72
15       84.618    79.61
16       84.776    82.3
17       85.024    76.53
18       85.428    81.63
19       85.496    82.0
20       85.756    80.91
21       86.06    83.3
22       86.016    82.23
23       86.134    80.39
24       86.24    82.14
25       86.448    84.41
26       86.61    82.35
27       86.442    80.38
28       86.918    82.76
29       86.948    82.45
30       86.952    82.9
31       87.034    83.55
32       87.434    84.15
33       87.304    84.43
34       87.508    82.28
35       87.512    82.98
36       87.702    84.33
37       87.834    85.09
38       87.614    82.71
39       87.946    83.9
40       87.994    84.25
41       87.922    82.74
42       88.158    84.37
43       88.062    82.48
44       88.252    84.98
45       88.28    83.43
46       88.586    84.51
47       88.41    84.83
48       88.502    84.84
49       88.37    84.66
50       88.688    82.86
51       88.32    83.81
52       88.596    82.97
53       88.458    81.13
54       88.496    83.94
55       88.674    86.07
56       88.876    85.78
57       88.836    83.48
58       88.754    84.6
59       88.788    82.74
60       88.85    82.12
61       88.926    84.66
62       88.994    81.7
63       88.826    85.07
64       89.08    86.01
65       89.228    85.8
66       89.056    83.65
67       89.018    85.26
68       88.88    83.46
69       88.838    84.24
70       89.276    84.14
71       89.08    81.48
72       89.262    85.79
73       89.372    86.61
74       89.202    84.48
75       89.378    84.74
76       89.214    84.04
77       89.548    85.64
78       89.17    82.43
79       89.456    87.0
80       92.498    89.98
81       93.494    89.99
82       93.908    90.3
83       94.104    90.27
84       94.464    90.33
85       94.614    90.32
86       94.736    90.37
87       94.882    90.48
88       95.232    90.2
89       95.26    90.34
90       95.288    90.49
91       95.488    90.68
92       95.57    90.44
93       95.502    90.23
94       95.726    90.01
95       95.894    90.41
96       95.918    90.65
97       96.062    90.51
98       96.032    90.34
99       96.086    90.44
100       96.02    90.5
101       96.246    90.22
102       96.328    90.36
103       96.276    90.34
104       96.558    90.18
105       96.442    90.02
106       96.546    90.39
107       96.63    90.33
108       96.644    90.14
109       96.728    90.54
110       96.606    89.97
111       96.772    90.08
112       96.682    90.25
113       96.792    90.41
114       96.936    90.2
115       96.954    89.99
116       97.066    90.01
117       96.928    90.23
118       97.116    89.9
119       97.306    90.14
120       97.456    90.4
121       97.66    90.56
122       97.704    90.66
123       97.68    90.67
124       97.858    90.67
125       97.95    90.73
126       97.93    90.76
127       97.918    90.71
128       97.886    90.8
129       97.836    90.79
130       97.816    90.57
131       97.952    90.52
132       98.034    90.66
133       98.046    90.71
134       97.996    90.62
135       98.016    90.6
136       98.026    90.71
137       97.974    90.61
138       97.978    90.77
139       98.084    90.77
140       98.056    90.54
141       98.082    90.75
142       98.114    90.66
143       98.076    90.72
144       98.058    90.71
145       98.114    90.76
146       98.054    90.77
147       98.088    90.82
148       98.028    90.67
149       98.208    90.81
150       98.088    90.58
151       98.15    90.69
152       98.122    90.68
153       98.256    90.68
154       98.25    90.79
155       98.22    90.64
156       98.206    90.63
157       98.26    90.57
158       98.156    90.68
159       98.224    90.73
160       98.254    90.66
161       98.312    90.67
162       98.31    90.73
163       98.282    90.57
164       98.24    90.71
165       98.296    90.69
166       98.384    90.71
167       98.276    90.62
168       98.398    90.74
169       98.338    90.9
170       98.266    90.65
171       98.268    90.64
172       98.28    90.78
173       98.368    90.76
174       98.324    90.66
175       98.244    90.71
176       98.312    90.73
177       98.33    90.67
178       98.224    90.74
179       98.336    90.81
180       98.396    90.68
181       98.366    90.74
182       98.33    90.78
183       98.462    90.72
184       98.36    90.61
185       98.33    90.61
186       98.35    90.72
187       98.39    90.69
188       98.352    90.75
189       98.37    90.75
190       98.38    90.72
191       98.372    90.85
192       98.37    90.67
193       98.352    90.61
194       98.462    90.79
195       98.456    90.78
196       98.482    90.67
197       98.344    90.78
198       98.466    90.82
199       98.414    90.74
