epochs train test
0       36.434    42.69
1       55.26    53.85
2       64.256    66.45
3       69.04    60.3
4       72.148    66.6
5       74.468    73.64
6       75.968    73.54
7       77.094    76.15
8       77.866    74.5
9       78.764    72.29
10       79.28    75.19
11       79.738    76.15
12       80.424    74.76
13       80.714    77.33
14       81.27    75.95
15       81.472    76.48
16       81.966    76.66
17       81.844    76.84
18       82.184    78.91
19       82.436    76.36
20       82.536    78.56
21       82.868    76.84
22       82.976    79.17
23       83.026    77.16
24       83.284    80.79
25       83.602    82.27
26       83.402    76.67
27       83.65    76.6
28       83.774    79.61
29       83.62    76.17
30       83.9    76.83
31       83.81    80.67
32       84.178    77.97
33       83.94    81.77
34       84.138    79.36
35       84.288    75.66
36       84.424    79.65
37       84.314    80.84
38       84.724    79.79
39       84.684    82.06
40       84.82    82.28
41       84.526    77.63
42       85.028    83.46
43       84.94    78.98
44       84.734    79.12
45       84.954    81.89
46       84.804    78.55
47       84.716    80.2
48       84.788    81.1
49       85.076    84.18
50       85.122    80.36
51       85.088    81.38
52       84.984    83.67
53       85.29    79.78
54       85.132    76.06
55       85.412    72.56
56       85.318    78.44
57       85.576    78.07
58       85.682    80.49
59       85.528    80.26
60       85.436    81.01
61       85.362    82.43
62       85.234    81.7
63       85.436    81.96
64       85.398    78.98
65       85.458    80.34
66       85.318    81.23
67       85.61    77.2
68       85.512    79.47
69       85.546    79.42
70       85.584    80.66
71       85.728    77.04
72       85.754    79.47
73       85.82    81.38
74       85.616    80.16
75       85.744    82.93
76       85.67    83.13
77       85.8    80.36
78       85.736    82.89
79       85.784    81.37
80       89.404    87.81
81       90.424    88.05
82       90.85    87.9
83       91.112    88.45
84       91.118    88.28
85       91.226    87.88
86       91.306    88.1
87       91.584    88.33
88       91.504    87.45
89       91.688    87.03
90       91.7    88.16
91       91.83    87.73
92       91.75    88.1
93       91.84    88.07
94       91.794    88.03
95       92.03    87.22
96       92.026    88.32
97       92.024    87.66
98       91.95    87.91
99       91.934    88.32
100       92.008    87.18
101       91.816    87.82
102       92.24    87.15
103       91.842    86.64
104       92.264    87.6
105       92.036    86.85
106       92.036    87.73
107       91.976    87.73
108       92.194    87.28
109       92.052    87.55
110       92.016    87.55
111       91.958    87.28
112       92.15    87.44
113       92.124    87.7
114       92.046    88.19
115       92.036    87.31
116       92.1    86.84
117       91.976    87.74
118       92.196    87.12
119       92.084    87.37
120       93.372    89.67
121       93.818    89.69
122       93.856    89.76
123       94.006    89.36
124       94.2    89.22
125       94.196    89.63
126       94.182    89.48
127       94.194    89.41
128       93.974    89.16
129       94.06    88.53
130       94.156    89.14
131       94.142    88.88
132       94.182    89.29
133       94.242    89.35
134       93.972    88.25
135       94.022    89.44
136       94.18    89.14
137       94.09    89.05
138       94.116    88.84
139       94.11    89.08
140       94.068    89.37
141       94.12    89.32
142       94.234    88.8
143       94.12    88.83
144       94.11    89.52
145       94.294    89.26
146       94.26    89.54
147       94.192    89.21
148       94.106    88.75
149       94.046    89.26
150       94.118    89.02
151       94.2    89.2
152       94.114    88.76
153       94.038    88.95
154       94.154    88.89
155       94.16    88.73
156       94.08    89.12
157       94.06    88.9
158       93.932    88.73
159       94.162    88.98
160       94.422    89.69
161       94.47    89.16
162       94.438    89.7
163       94.446    89.32
164       94.384    88.62
165       94.402    88.76
166       94.404    88.96
167       94.508    87.99
168       94.358    89.04
169       94.376    89.21
170       94.456    88.9
171       94.36    89.32
172       94.36    89.16
173       94.384    88.27
174       94.272    88.95
175       94.358    89.27
176       94.462    89.15
177       94.308    89.21
178       94.334    88.46
179       94.44    89.07
180       94.4    89.17
181       94.314    88.71
182       94.264    88.99
183       94.39    88.93
184       94.19    88.82
185       94.39    88.63
186       94.28    89.0
187       94.326    88.47
188       94.208    89.36
189       94.268    89.15
190       94.324    88.76
191       94.446    89.11
192       94.386    88.93
193       94.332    89.14
194       94.282    88.98
195       94.29    89.62
196       94.334    88.91
197       94.348    88.78
198       94.338    88.77
199       94.404    89.29
