epochs train test
0       30.356    38.52
1       50.752    44.55
2       61.12    57.52
3       66.57    62.47
4       69.692    64.88
5       72.878    68.6
6       75.222    69.26
7       76.604    67.69
8       77.6    74.06
9       78.488    70.82
10       78.95    77.82
11       79.672    75.26
12       80.586    73.07
13       80.976    79.21
14       81.214    76.67
15       81.778    77.73
16       81.876    74.76
17       81.944    78.5
18       82.15    77.2
19       82.052    78.05
20       82.124    78.09
21       82.52    71.22
22       82.886    78.01
23       83.152    80.37
24       83.67    74.6
25       83.39    78.29
26       83.508    72.87
27       83.562    80.88
28       83.73    80.54
29       83.9    78.97
30       84.602    82.86
31       84.634    80.13
32       84.59    83.31
33       84.966    82.66
34       84.864    81.39
35       84.932    81.3
36       85.014    81.39
37       85.1    77.62
38       84.844    79.32
39       84.906    74.3
40       84.85    82.02
41       84.984    78.5
42       85.334    78.85
43       85.728    82.75
44       85.362    79.14
45       85.31    76.36
46       85.418    77.84
47       85.21    79.2
48       85.09    81.95
49       85.522    82.03
50       85.332    81.71
51       85.246    80.77
52       85.418    81.65
53       85.762    78.92
54       85.526    79.93
55       85.596    80.79
56       85.53    82.54
57       85.784    77.26
58       85.61    77.7
59       85.678    81.96
60       85.95    82.89
61       85.896    81.63
62       86.16    80.06
63       85.974    83.31
64       86.044    79.56
65       86.238    77.85
66       86.112    79.77
67       85.76    81.68
68       86.33    79.73
69       86.224    81.07
70       86.262    77.52
71       86.13    80.31
72       86.148    83.4
73       86.424    82.65
74       86.434    83.53
75       86.17    80.06
76       86.412    83.91
77       86.512    81.9
78       86.632    79.05
79       86.35    82.02
80       89.404    87.75
81       90.682    87.39
82       90.736    88.12
83       91.222    88.19
84       91.448    88.18
85       91.604    88.21
86       91.594    86.74
87       91.828    88.17
88       91.574    88.69
89       92.074    88.49
90       92.026    88.64
91       92.134    87.61
92       92.316    87.57
93       92.45    88.89
94       92.204    88.33
95       92.456    88.59
96       92.516    87.79
97       92.688    87.06
98       92.632    89.05
99       92.614    88.33
100       92.594    87.65
101       92.666    87.99
102       92.86    87.57
103       92.764    88.14
104       92.816    88.3
105       92.938    87.95
106       92.848    87.86
107       93.132    87.11
108       93.168    88.35
109       93.032    88.28
110       93.136    88.38
111       93.106    88.5
112       93.148    88.34
113       93.104    86.82
114       93.1    88.51
115       93.046    88.93
116       93.338    87.41
117       93.32    87.81
118       93.24    88.39
119       93.234    87.57
120       94.272    89.56
121       94.572    89.75
122       94.474    89.37
123       94.714    89.38
124       94.83    89.86
125       94.584    89.58
126       94.702    89.68
127       94.736    89.29
128       94.866    89.28
129       94.67    89.65
130       94.706    89.73
131       94.778    89.37
132       94.874    89.67
133       94.628    89.16
134       94.612    89.53
135       94.67    89.28
136       94.688    88.83
137       94.69    89.09
138       94.798    88.62
139       94.764    89.39
140       94.576    89.42
141       94.63    89.72
142       94.702    89.07
143       94.762    88.36
144       94.598    89.77
145       94.672    89.33
146       94.618    89.28
147       94.886    89.18
148       95.02    89.3
149       94.73    89.33
150       94.556    88.41
151       94.782    88.97
152       94.666    89.55
153       94.668    89.34
154       94.608    89.67
155       94.844    89.38
156       94.96    88.84
157       94.778    89.73
158       94.658    89.0
159       94.714    89.35
160       94.848    89.56
161       94.9    89.67
162       95.108    89.65
163       94.974    89.62
164       94.764    88.91
165       94.822    89.65
166       95.014    88.64
167       94.93    89.27
168       94.814    89.34
169       94.948    88.56
170       94.84    89.52
171       94.916    89.59
172       94.732    88.97
173       94.766    89.48
174       95.002    89.62
175       94.996    89.19
176       95.076    89.65
177       94.878    89.65
178       94.942    89.46
179       94.888    89.33
180       95.044    89.87
181       94.988    88.89
182       94.74    89.22
183       94.836    88.47
184       94.868    88.7
185       94.732    89.26
186       94.328    89.33
187       94.65    89.39
188       94.716    89.87
189       95.008    90.04
190       94.91    89.28
191       94.968    89.38
192       94.96    89.16
193       95.05    89.22
194       94.97    89.08
195       94.86    88.99
196       95.026    88.99
197       94.85    89.0
198       94.848    89.27
199       94.852    89.55
