epochs train test
0       35.716    45.25
1       55.962    47.29
2       63.722    61.57
3       68.844    72.56
4       72.11    70.25
5       74.55    69.88
6       76.022    72.21
7       77.088    72.82
8       78.416    71.82
9       78.766    76.36
10       79.404    78.36
11       79.942    76.81
12       80.632    74.91
13       80.882    79.87
14       81.038    74.69
15       81.6    76.98
16       81.578    76.69
17       81.802    78.45
18       82.554    74.0
19       82.512    79.69
20       82.77    78.17
21       82.832    80.99
22       83.026    75.69
23       83.396    80.97
24       83.098    80.99
25       83.66    78.31
26       83.538    75.33
27       83.722    80.16
28       83.954    79.3
29       84.186    81.24
30       84.128    79.52
31       84.034    79.46
32       84.282    78.9
33       84.542    80.7
34       84.354    78.56
35       84.674    74.06
36       84.536    80.59
37       84.638    77.89
38       84.604    79.92
39       85.116    79.55
40       85.218    81.92
41       85.224    79.3
42       85.308    74.7
43       85.118    82.03
44       85.368    79.85
45       85.436    71.65
46       85.546    76.22
47       85.334    80.38
48       85.478    82.24
49       85.426    81.34
50       85.816    81.37
51       85.798    80.06
52       85.682    77.18
53       85.816    81.52
54       85.57    81.87
55       86.008    78.69
56       85.858    84.62
57       85.912    76.79
58       85.9    82.62
59       86.036    79.44
60       86.148    81.29
61       85.956    82.49
62       85.98    81.47
63       86.024    81.28
64       86.176    80.44
65       86.164    80.67
66       86.168    79.17
67       86.308    80.59
68       86.066    79.57
69       86.262    83.24
70       86.068    80.32
71       86.318    82.31
72       86.482    82.13
73       86.362    84.15
74       86.436    82.68
75       86.462    79.59
76       86.498    80.89
77       86.466    83.12
78       86.404    79.77
79       86.442    80.01
80       89.956    87.41
81       91.028    87.3
82       91.108    88.4
83       91.572    88.18
84       91.45    87.86
85       91.662    88.21
86       91.6    87.96
87       91.84    87.79
88       91.926    88.33
89       92.134    88.39
90       92.16    86.97
91       92.284    87.76
92       92.236    88.46
93       92.342    88.71
94       92.276    88.99
95       92.29    87.41
96       92.69    88.28
97       92.492    88.77
98       92.602    87.75
99       92.608    88.42
100       92.706    88.41
101       92.704    88.15
102       92.936    88.34
103       92.812    87.96
104       92.988    88.51
105       92.968    87.65
106       92.908    87.15
107       92.88    87.92
108       93.076    88.53
109       93.012    88.03
110       92.952    88.33
111       92.93    88.42
112       93.106    86.37
113       93.004    86.96
114       93.054    88.37
115       93.076    88.17
116       93.148    88.04
117       93.01    87.83
118       93.146    86.96
119       93.016    88.32
120       94.01    89.62
121       94.59    89.92
122       94.718    89.39
123       94.726    89.6
124       94.726    89.83
125       94.82    89.37
126       94.766    89.61
127       94.714    89.19
128       94.818    89.5
129       94.854    89.79
130       94.828    89.54
131       94.834    89.66
132       94.882    89.78
133       94.854    89.44
134       94.752    89.52
135       94.874    89.38
136       95.008    89.77
137       95.032    89.53
138       94.82    89.23
139       94.842    89.73
140       94.832    89.3
141       94.768    89.7
142       94.796    89.57
143       95.026    89.03
144       94.846    89.58
145       95.05    88.64
146       94.974    89.36
147       94.856    89.43
148       94.884    89.14
149       94.77    89.84
150       94.868    89.41
151       94.888    89.22
152       95.112    89.68
153       95.15    89.77
154       95.004    89.29
155       94.908    89.27
156       94.922    89.57
157       94.932    89.03
158       95.006    89.57
159       95.03    89.25
160       95.186    89.36
161       95.358    89.34
162       95.308    89.51
163       95.288    89.08
164       95.102    89.7
165       95.288    89.8
166       95.33    89.87
167       95.258    89.31
168       95.234    89.91
169       95.164    89.63
170       95.234    89.6
171       95.134    89.5
172       95.144    89.02
173       95.086    89.65
174       95.158    89.27
175       95.182    89.5
176       95.172    89.51
177       95.17    89.26
178       95.262    89.79
179       95.234    89.65
180       95.214    89.74
181       95.136    89.04
182       95.244    89.69
183       95.328    89.64
184       95.328    89.59
185       95.244    89.53
186       95.26    89.73
187       95.374    89.8
188       95.12    89.73
189       95.162    89.8
190       95.306    89.68
191       95.178    88.81
192       95.208    89.29
193       95.254    89.2
194       95.188    89.56
195       95.188    89.68
196       95.134    89.39
197       95.198    89.58
198       95.194    89.33
199       95.368    88.99
