epochs train test
0       36.766    45.72
1       54.798    50.68
2       62.92    62.93
3       67.382    60.16
4       71.492    67.79
5       74.3    67.12
6       76.27    75.78
7       77.804    77.02
8       78.658    72.06
9       79.314    79.1
10       80.142    77.48
11       80.466    77.53
12       81.038    78.36
13       81.384    77.51
14       81.76    76.2
15       82.384    77.86
16       82.518    75.42
17       82.682    75.88
18       83.076    81.81
19       83.42    79.0
20       83.468    78.76
21       83.674    76.67
22       83.788    76.7
23       84.176    80.89
24       84.382    80.83
25       84.548    77.41
26       84.414    76.94
27       84.646    79.34
28       84.726    78.61
29       84.85    77.16
30       85.26    80.37
31       85.086    81.54
32       85.06    82.32
33       85.412    80.51
34       85.434    80.39
35       85.51    78.57
36       85.618    83.17
37       85.416    82.71
38       85.776    79.14
39       85.56    81.82
40       85.964    82.6
41       85.824    83.17
42       86.082    80.53
43       86.148    80.18
44       85.864    78.63
45       86.26    81.69
46       86.056    82.65
47       86.046    80.86
48       86.322    81.03
49       86.202    82.94
50       86.616    79.99
51       86.55    83.41
52       86.51    82.48
53       86.486    84.47
54       86.752    82.49
55       86.68    82.93
56       86.676    81.21
57       86.638    83.0
58       87.016    82.49
59       86.56    77.3
60       86.592    78.06
61       86.766    83.03
62       86.718    83.29
63       86.832    84.38
64       87.032    81.33
65       87.204    75.75
66       86.776    80.49
67       86.888    84.07
68       87.108    83.48
69       87.166    81.94
70       87.094    81.74
71       87.074    80.9
72       86.978    82.84
73       87.232    81.84
74       86.92    81.24
75       87.396    84.16
76       87.076    82.35
77       87.268    78.83
78       87.416    81.12
79       87.192    82.83
80       90.624    88.91
81       91.626    88.8
82       91.812    88.72
83       92.266    88.94
84       92.47    88.88
85       92.32    88.48
86       92.586    88.76
87       92.608    88.42
88       92.922    88.73
89       93.03    88.33
90       93.156    88.84
91       93.212    89.38
92       93.262    88.17
93       93.126    88.64
94       93.422    88.93
95       93.432    88.93
96       93.388    88.66
97       93.512    88.72
98       93.456    88.73
99       93.686    89.43
100       93.686    88.74
101       93.786    88.72
102       93.816    88.65
103       93.806    87.93
104       93.866    89.29
105       94.064    88.67
106       93.94    88.72
107       94.11    88.58
108       94.098    88.75
109       94.27    88.94
110       94.19    88.71
111       94.086    88.78
112       94.118    88.25
113       94.166    88.44
114       94.234    88.22
115       94.394    88.47
116       94.126    88.84
117       94.28    87.92
118       94.266    88.79
119       94.344    88.58
120       95.138    89.68
121       95.434    89.81
122       95.548    89.62
123       95.594    89.73
124       95.716    89.63
125       95.76    89.8
126       95.678    89.59
127       95.55    89.61
128       95.774    89.73
129       95.764    89.82
130       95.732    89.74
131       95.662    89.74
132       95.788    90.03
133       95.882    89.86
134       95.77    89.78
135       95.782    89.78
136       95.882    89.92
137       95.834    89.82
138       95.782    89.38
139       95.94    89.79
140       95.794    89.68
141       95.704    89.73
142       95.768    89.93
143       96.016    89.89
144       95.8    89.53
145       95.894    89.64
146       95.822    89.73
147       95.86    89.71
148       95.818    89.76
149       95.92    89.63
150       95.868    89.55
151       95.866    89.67
152       95.83    89.23
153       95.974    89.29
154       95.966    89.55
155       96.032    89.79
156       95.974    89.52
157       96.022    89.67
158       96.042    89.56
159       96.036    89.5
160       96.158    89.93
161       96.152    89.91
162       96.052    89.45
163       96.174    89.77
164       96.066    89.85
165       96.108    89.47
166       96.08    89.65
167       96.126    89.62
168       96.138    89.71
169       96.256    89.51
170       96.12    89.26
171       96.156    89.72
172       96.018    89.48
173       96.05    89.67
174       96.07    89.23
175       96.048    89.38
176       96.07    89.36
177       96.088    89.49
178       96.16    89.82
179       96.088    89.53
180       96.088    89.69
181       96.288    89.3
182       96.156    89.83
183       96.094    89.81
184       96.17    89.64
185       96.244    89.37
186       96.106    89.5
187       96.192    89.47
188       96.244    89.65
189       96.256    89.42
190       96.106    89.63
191       96.348    89.75
192       96.292    89.9
193       96.288    89.6
194       96.304    89.47
195       96.308    89.75
196       96.14    89.46
197       96.35    89.33
198       96.28    89.81
199       96.254    89.49
