epochs train test
0       37.804    45.36
1       57.516    51.95
2       66.214    67.23
3       70.854    70.83
4       74.174    71.86
5       76.274    73.58
6       77.618    73.79
7       78.59    75.93
8       79.318    74.88
9       80.202    79.04
10       80.634    75.3
11       81.134    76.15
12       81.414    77.07
13       82.046    78.56
14       82.26    80.02
15       82.502    78.38
16       82.722    76.58
17       83.106    76.79
18       83.262    78.75
19       83.482    76.99
20       83.644    80.1
21       83.772    79.18
22       83.9    80.55
23       84.334    80.45
24       84.552    80.28
25       84.594    79.93
26       84.564    76.35
27       84.792    76.93
28       84.556    71.25
29       84.962    81.12
30       85.126    82.5
31       85.154    80.52
32       85.548    82.16
33       85.326    82.42
34       85.322    76.66
35       85.63    81.89
36       85.396    82.41
37       85.824    80.32
38       85.942    81.94
39       85.814    82.02
40       85.856    83.05
41       86.086    80.22
42       86.172    81.02
43       86.024    81.26
44       86.076    80.75
45       86.226    82.73
46       86.3    81.27
47       86.23    81.61
48       86.328    84.05
49       86.192    82.88
50       86.414    82.0
51       86.48    81.02
52       86.552    81.9
53       86.76    79.65
54       86.56    80.9
55       86.494    82.09
56       86.372    84.34
57       86.506    82.27
58       86.994    79.16
59       86.912    82.78
60       86.854    83.92
61       86.74    83.87
62       87.082    79.32
63       86.778    84.82
64       87.038    81.68
65       86.842    84.72
66       86.906    81.37
67       87.136    85.57
68       87.188    81.16
69       86.868    81.06
70       87.216    81.1
71       87.208    81.8
72       86.932    84.52
73       87.074    83.18
74       87.202    83.2
75       87.224    82.93
76       87.066    80.78
77       87.258    82.82
78       87.31    83.55
79       87.184    81.28
80       90.6    88.35
81       91.49    88.62
82       91.978    88.32
83       92.086    88.85
84       92.36    88.37
85       92.382    87.16
86       92.444    89.0
87       92.716    88.79
88       92.716    88.11
89       93.01    88.62
90       92.81    88.63
91       92.956    87.75
92       92.824    88.72
93       93.086    88.38
94       93.262    88.64
95       93.262    88.64
96       93.248    88.25
97       93.308    88.85
98       93.356    88.22
99       93.33    88.67
100       93.372    89.25
101       93.542    88.06
102       93.652    88.39
103       93.69    88.29
104       93.634    89.19
105       93.582    88.41
106       93.604    89.09
107       93.524    88.87
108       93.85    89.01
109       93.798    87.12
110       93.858    88.63
111       93.818    88.8
112       93.9    88.76
113       93.99    88.15
114       93.766    88.56
115       94.008    89.18
116       93.932    88.41
117       93.994    88.9
118       94.074    88.79
119       94.096    87.9
120       95.068    89.74
121       95.316    90.13
122       95.292    90.03
123       95.494    90.14
124       95.662    89.55
125       95.702    90.22
126       95.522    90.21
127       95.5    90.04
128       95.72    89.76
129       95.648    90.12
130       95.554    89.92
131       95.752    90.02
132       95.816    89.93
133       95.76    89.74
134       95.706    89.89
135       95.672    90.01
136       95.742    90.06
137       95.724    90.08
138       95.676    90.07
139       95.708    90.35
140       95.87    89.93
141       95.724    90.18
142       95.752    90.18
143       95.758    89.47
144       95.788    90.06
145       95.722    89.92
146       95.684    89.95
147       95.774    89.07
148       95.716    90.06
149       95.742    89.84
150       95.746    90.13
151       95.914    90.09
152       95.78    89.86
153       95.824    90.08
154       95.734    89.7
155       95.862    89.87
156       95.932    90.08
157       95.758    89.67
158       95.784    89.27
159       95.86    89.9
160       96.054    89.93
161       96.012    89.92
162       96.106    89.76
163       96.022    90.49
164       96.034    90.08
165       95.946    90.14
166       95.964    90.09
167       96.002    90.18
168       96.228    90.02
169       96.024    89.84
170       96.132    89.67
171       95.908    89.27
172       95.946    89.89
173       96.088    89.96
174       95.994    90.11
175       96.052    90.09
176       96.028    89.79
177       95.99    89.92
178       96.052    90.12
179       96.0    90.18
180       96.058    90.25
181       96.11    89.93
182       95.932    90.01
183       96.12    89.76
184       96.052    90.03
185       95.87    90.04
186       95.968    89.69
187       95.992    90.26
188       96.038    90.47
189       96.028    89.74
190       96.03    89.46
191       96.094    89.93
192       95.936    89.92
193       95.92    90.09
194       96.052    90.3
195       96.086    90.2
196       96.072    90.22
197       96.136    90.12
198       96.128    89.88
199       96.188    90.37
