epochs train test
0       43.442    55.67
1       62.92    64.34
2       70.486    70.15
3       74.076    68.91
4       76.5    73.22
5       78.31    76.83
6       79.022    75.5
7       80.112    75.79
8       80.862    78.92
9       81.678    77.53
10       82.224    79.79
11       82.678    80.03
12       83.194    78.07
13       83.698    78.76
14       83.836    80.99
15       84.392    79.99
16       84.718    81.39
17       84.898    81.64
18       85.268    82.6
19       85.292    82.13
20       85.584    81.51
21       85.504    83.09
22       85.706    82.68
23       85.534    81.02
24       86.164    83.93
25       86.058    83.54
26       86.072    82.26
27       86.562    84.21
28       86.602    80.97
29       86.736    84.92
30       87.03    82.25
31       86.836    83.75
32       86.886    80.4
33       86.952    84.56
34       87.196    82.43
35       87.132    83.56
36       87.342    81.45
37       87.186    84.2
38       87.336    84.48
39       87.716    84.86
40       87.694    84.96
41       87.666    79.41
42       88.038    81.56
43       87.714    79.78
44       87.708    81.43
45       87.904    85.19
46       88.138    83.84
47       87.782    83.57
48       88.092    84.27
49       87.954    84.51
50       88.222    83.52
51       88.058    81.94
52       87.994    83.58
53       88.098    81.53
54       88.264    83.7
55       88.58    84.43
56       88.39    84.85
57       88.264    83.84
58       88.708    80.25
59       88.316    80.74
60       88.568    85.0
61       88.568    85.84
62       88.562    85.0
63       88.59    86.22
64       88.614    85.29
65       88.874    83.89
66       88.704    85.21
67       88.6    85.28
68       88.654    81.01
69       88.664    85.71
70       88.98    82.81
71       88.754    84.72
72       89.018    85.1
73       89.066    84.28
74       88.896    82.89
75       88.832    82.16
76       88.804    85.07
77       88.796    86.11
78       88.968    85.64
79       88.928    83.39
80       92.068    89.85
81       93.184    89.95
82       93.46    89.93
83       93.956    89.88
84       94.128    89.94
85       94.16    90.26
86       94.504    90.22
87       94.542    90.05
88       94.81    90.11
89       94.892    90.19
90       95.118    89.9
91       95.05    90.03
92       95.096    90.23
93       95.092    89.73
94       95.322    90.54
95       95.438    90.3
96       95.396    90.33
97       95.586    89.67
98       95.556    89.98
99       95.81    90.5
100       95.922    90.48
101       95.796    90.4
102       96.038    89.88
103       95.948    90.23
104       96.032    90.05
105       95.998    89.94
106       96.118    90.14
107       96.194    89.89
108       96.246    89.97
109       96.332    89.92
110       96.4    89.76
111       96.112    90.34
112       96.248    89.99
113       96.468    90.03
114       96.55    90.31
115       96.566    90.45
116       96.546    90.19
117       96.494    90.5
118       96.746    90.29
119       96.67    90.29
120       97.24    90.7
121       97.37    90.77
122       97.558    90.9
123       97.584    90.74
124       97.56    90.78
125       97.642    90.87
126       97.84    90.73
127       97.68    90.99
128       97.638    90.71
129       97.81    90.71
130       97.678    90.81
131       97.74    90.57
132       97.72    90.82
133       97.914    90.59
134       97.84    90.85
135       97.816    90.6
136       97.88    90.77
137       97.774    90.6
138       97.932    90.5
139       97.848    90.64
140       97.868    90.64
141       97.87    90.71
142       97.912    90.37
143       97.972    90.79
144       97.9    90.69
145       97.886    90.64
146       97.962    90.79
147       97.884    90.79
148       97.884    90.69
149       97.852    90.69
150       97.946    90.63
151       97.928    90.71
152       97.89    90.73
153       98.082    90.74
154       98.052    90.89
155       97.972    90.52
156       98.058    90.66
157       97.848    90.9
158       97.932    90.65
159       97.964    90.7
160       98.056    90.69
161       98.09    90.77
162       98.06    90.58
163       98.098    90.64
164       98.14    90.66
165       98.178    90.83
166       98.092    90.63
167       98.244    90.69
168       98.146    90.79
169       98.04    90.68
170       98.164    90.4
171       98.132    90.69
172       98.192    90.85
173       98.186    90.69
174       98.296    90.67
175       98.136    90.71
176       98.086    90.64
177       98.042    90.42
178       98.102    90.75
179       98.17    90.7
180       98.016    90.78
181       98.144    90.63
182       98.184    90.63
183       98.314    90.52
184       98.242    90.64
185       98.114    90.59
186       98.246    90.54
187       98.284    90.53
188       98.19    90.54
189       98.18    90.68
190       98.068    90.47
191       98.206    90.66
192       98.198    90.48
193       98.132    90.58
194       98.308    90.68
195       98.28    90.48
196       98.232    90.59
197       98.194    90.64
198       98.272    90.47
199       98.252    90.59
