epochs train test
0       17.678    20.89
1       28.492    32.97
2       34.274    35.04
3       37.902    33.71
4       40.088    39.08
5       43.48    43.99
6       45.112    47.17
7       47.344    47.09
8       49.24    35.26
9       50.722    51.09
10       52.406    49.52
11       54.082    49.28
12       55.552    47.53
13       56.826    58.68
14       57.5    45.59
15       58.784    52.46
16       59.024    50.75
17       59.548    57.61
18       60.388    49.9
19       60.824    57.02
20       61.744    56.02
21       63.242    57.47
22       63.714    61.02
23       64.468    56.42
24       64.682    63.91
25       65.504    55.77
26       66.262    60.38
27       66.766    54.46
28       66.964    55.52
29       67.758    54.69
30       68.142    54.73
31       68.678    66.61
32       69.008    60.06
33       69.12    66.59
34       69.778    60.65
35       70.566    66.37
36       70.968    67.6
37       70.788    62.47
38       71.288    65.28
39       71.264    65.96
40       72.056    69.47
41       72.222    69.68
42       72.882    70.78
43       73.088    71.35
44       73.338    65.15
45       73.762    70.24
46       74.292    65.02
47       74.05    69.27
48       74.65    67.57
49       74.614    63.97
50       74.846    64.52
51       74.902    63.4
52       75.196    67.81
53       75.4    73.7
54       75.692    67.95
55       75.698    70.63
56       76.178    69.19
57       76.238    68.28
58       76.386    70.22
59       76.286    67.83
60       76.482    55.54
61       76.852    70.54
62       77.126    75.66
63       77.18    74.06
64       77.188    75.61
65       77.74    70.26
66       77.424    72.09
67       77.768    75.62
68       77.69    76.89
69       78.02    71.46
70       78.274    73.11
71       78.196    70.92
72       78.32    70.86
73       78.458    72.91
74       78.56    73.81
75       78.722    73.41
76       78.708    64.91
77       79.072    76.43
78       78.948    73.34
79       79.502    67.66
80       81.122    79.72
81       81.576    75.79
82       81.488    79.04
83       81.854    79.64
84       81.866    79.9
85       81.636    74.07
86       81.682    76.83
87       81.644    80.31
88       81.694    76.34
89       81.736    77.38
90       81.622    78.88
91       81.716    78.87
92       81.72    75.78
93       81.9    74.33
94       81.742    78.04
95       82.068    74.86
96       81.888    78.96
97       81.798    79.57
98       82.072    78.67
99       81.91    78.96
100       81.784    75.66
101       81.964    79.3
102       82.014    78.84
103       81.962    78.52
104       81.902    76.4
105       81.926    78.8
106       81.688    78.56
107       81.952    78.47
108       82.164    78.28
109       82.046    79.03
110       82.05    77.96
111       81.868    77.63
112       82.116    79.22
113       81.962    77.56
114       82.212    80.15
115       82.158    78.95
116       81.948    77.99
117       81.938    74.73
118       81.966    74.77
119       82.038    77.9
120       82.824    80.3
121       82.842    81.25
122       82.844    81.14
123       82.844    81.18
124       82.9    76.72
125       82.966    80.35
126       82.838    80.16
127       82.924    81.36
128       82.76    81.03
129       82.696    81.48
130       82.832    79.73
131       82.794    80.42
132       82.916    78.19
133       82.692    81.28
134       82.966    79.62
135       82.758    79.64
136       82.752    78.05
137       82.628    81.49
138       82.92    80.53
139       83.066    79.6
140       83.03    80.3
141       82.774    80.97
142       82.842    79.79
143       82.87    79.37
144       82.9    81.33
145       83.05    80.36
146       82.9    81.27
147       82.888    80.34
148       82.848    81.13
149       82.936    80.01
150       82.744    81.08
151       82.788    81.28
152       82.954    80.98
153       82.892    79.66
154       82.908    80.86
155       82.772    79.44
156       82.906    81.33
157       82.848    78.98
158       82.626    80.7
159       82.674    81.19
160       83.09    80.73
161       83.076    77.02
162       82.996    81.14
163       83.07    81.48
164       82.912    81.24
165       83.05    80.11
166       82.916    81.28
167       83.022    80.55
168       82.962    80.88
169       82.952    79.48
170       83.016    80.25
171       82.912    76.76
172       82.862    80.62
173       82.788    81.29
174       83.006    80.02
175       82.918    80.71
176       82.918    79.97
177       82.836    81.63
178       83.042    79.25
179       82.902    80.38
180       82.886    80.67
181       83.154    80.63
182       83.026    81.28
183       83.234    80.98
184       83.05    81.02
185       83.204    81.07
186       82.842    78.91
187       82.952    80.61
188       82.808    80.27
189       83.068    80.69
190       82.88    81.3
191       83.06    80.19
192       83.138    80.45
193       82.922    81.62
194       83.24    80.03
195       82.898    80.54
196       82.938    81.14
197       82.962    81.36
198       82.956    81.17
199       82.69    80.55
