epochs train test
0       39.066    50.43
1       56.842    55.12
2       63.588    62.39
3       67.814    63.13
4       71.376    67.77
5       74.154    68.52
6       76.196    73.86
7       77.648    75.68
8       79.068    76.28
9       79.99    78.34
10       80.872    75.3
11       81.416    78.84
12       82.062    77.48
13       82.52    77.74
14       83.166    77.75
15       83.516    81.22
16       84.158    81.57
17       84.49    80.1
18       84.846    80.47
19       85.444    77.18
20       85.612    80.27
21       85.632    80.23
22       86.212    80.76
23       86.19    83.95
24       86.538    81.21
25       86.604    81.29
26       86.572    84.1
27       87.15    82.83
28       87.348    83.16
29       87.478    82.4
30       87.598    84.24
31       87.644    82.89
32       88.056    83.18
33       87.824    82.58
34       88.088    81.31
35       88.122    82.77
36       88.41    84.29
37       88.318    82.84
38       88.564    82.68
39       88.234    83.82
40       88.936    82.93
41       88.9    84.46
42       89.276    83.16
43       89.144    81.49
44       88.788    82.73
45       88.83    82.13
46       89.452    84.81
47       89.404    83.96
48       89.73    84.42
49       89.64    85.28
50       89.73    84.07
51       89.716    84.88
52       90.2    85.37
