epochs train test
0       42.682    48.08
1       61.998    59.54
2       70.296    70.97
3       74.75    73.9
4       77.526    76.58
5       79.566    76.57
6       80.856    79.92
7       81.624    79.56
8       82.478    79.65
9       83.238    82.53
10       83.68    80.51
11       84.262    83.64
12       84.692    81.98
13       85.138    81.68
14       85.338    81.33
15       85.452    82.2
16       86.048    82.56
17       86.178    82.53
18       86.454    83.08
19       86.406    83.42
20       86.824    81.26
21       86.984    84.27
22       87.092    79.69
23       87.208    83.16
24       87.284    81.01
25       87.24    85.22
26       87.502    83.5
27       87.652    82.96
28       87.65    85.04
29       87.694    83.88
30       87.928    84.38
31       88.192    82.28
32       88.17    82.24
33       88.178    81.88
34       88.364    82.31
35       88.312    84.1
36       88.394    83.95
37       88.384    85.41
38       88.468    81.95
39       88.498    84.87
40       88.762    86.39
41       88.666    84.2
42       88.974    85.22
43       88.784    84.49
44       88.782    84.32
45       88.792    84.6
46       88.856    85.37
47       88.82    86.01
48       88.75    85.74
49       88.952    84.56
50       89.072    83.75
51       89.016    84.61
52       89.24    86.54
53       89.08    84.69
54       89.036    85.89
55       89.236    86.06
56       89.404    86.73
57       89.452    84.2
58       89.616    83.78
59       89.292    85.04
60       89.568    85.36
61       89.408    87.12
62       89.538    84.64
63       89.374    85.59
64       89.458    85.07
65       89.672    85.66
66       89.686    84.24
67       89.618    86.47
68       89.668    81.95
69       89.684    86.77
70       89.654    83.99
71       89.706    84.44
72       89.844    86.67
73       89.816    84.98
74       89.778    86.38
75       89.97    84.71
76       89.818    84.51
77       89.796    87.26
78       89.878    87.19
79       89.758    85.25
80       93.136    90.42
81       94.106    91.0
82       94.54    90.86
83       94.772    91.13
84       95.082    90.88
85       95.204    91.24
86       95.46    91.08
87       95.454    91.3
88       95.71    91.3
89       95.93    91.19
90       96.082    91.15
91       96.078    91.44
92       96.06    91.26
93       96.19    90.92
94       96.382    91.46
95       96.498    91.2
96       96.66    91.47
97       96.684    91.13
98       96.66    91.2
99       96.794    91.15
100       96.752    91.32
101       97.016    91.38
102       97.002    91.21
103       97.042    91.11
104       97.122    90.93
105       97.176    91.12
106       97.228    91.38
107       97.242    91.33
108       97.36    91.34
109       97.22    91.05
110       97.382    91.04
111       97.446    91.06
112       97.418    91.06
113       97.54    91.17
114       97.65    90.88
115       97.626    91.16
116       97.604    91.07
117       97.498    90.91
118       97.666    91.53
119       97.71    91.35
120       98.19    91.56
121       98.268    91.51
122       98.39    91.61
123       98.36    91.58
124       98.522    91.59
125       98.5    91.66
126       98.58    91.74
127       98.61    91.81
128       98.532    91.7
129       98.568    91.73
130       98.608    91.67
131       98.66    91.64
132       98.648    91.71
133       98.672    91.77
134       98.634    91.88
135       98.752    91.76
136       98.65    91.7
137       98.6    91.74
138       98.664    91.85
139       98.798    91.84
140       98.692    91.8
141       98.816    91.83
142       98.778    91.77
143       98.848    91.66
144       98.764    91.65
145       98.684    91.74
146       98.77    91.73
147       98.794    91.81
148       98.816    91.67
149       98.826    91.71
150       98.83    91.66
151       98.816    91.71
152       98.866    91.75
153       98.812    91.8
154       98.838    91.71
155       98.796    91.83
156       98.838    91.83
157       98.838    91.74
158       98.85    91.75
159       98.882    91.67
160       98.912    91.79
161       98.956    91.81
162       98.998    91.59
163       98.93    91.83
164       98.894    91.74
165       98.97    91.86
166       98.95    91.77
167       98.99    91.59
168       98.952    91.74
169       98.9    91.73
170       98.952    91.83
171       98.886    91.88
172       98.972    91.82
173       98.908    91.88
174       98.992    91.79
175       98.892    91.7
176       98.974    91.89
177       98.94    91.85
178       98.962    91.83
179       98.89    91.83
180       98.926    91.7
181       98.976    91.85
182       98.934    91.77
183       99.054    91.83
184       99.016    91.7
185       98.94    91.77
186       99.04    91.7
187       99.104    91.71
188       98.99    91.62
189       98.926    91.71
190       99.022    91.59
191       99.042    91.75
192       98.968    91.71
193       99.03    91.59
194       99.014    91.53
195       98.988    91.71
196       99.028    91.65
197       99.082    91.67
198       99.036    91.74
199       99.098    91.73
