epochs train test
0       44.646    53.87
1       60.7    63.91
2       66.818    66.29
3       71.174    68.18
4       74.414    74.22
5       76.514    73.04
6       78.022    75.16
7       79.73    76.42
8       80.82    78.19
9       81.846    79.43
10       82.406    80.09
11       83.458    81.64
12       84.222    80.61
13       84.806    81.76
14       85.204    80.97
15       85.626    80.48
16       86.138    82.87
17       86.45    83.23
18       86.896    84.28
19       87.362    80.66
20       87.656    82.12
21       88.084    84.61
22       88.318    84.16
23       88.57    84.09
24       88.74    84.84
25       89.354    83.07
26       89.44    85.02
27       89.55    85.61
28       89.994    85.45
29       90.028    84.7
30       90.31    85.41
31       90.28    85.91
32       90.738    86.14
33       90.592    85.62
34       91.022    85.67
35       91.294    85.49
36       91.266    86.14
37       91.502    85.57
38       91.632    85.58
39       91.924    86.49
40       91.94    86.25
41       92.18    87.05
42       92.076    85.78
43       92.326    86.35
44       92.546    85.89
45       92.842    86.13
46       92.704    87.37
47       92.83    86.88
48       92.816    86.67
49       93.054    85.93
50       93.182    86.58
51       93.144    86.6
52       93.31    86.24
53       93.504    86.68
54       93.198    87.17
55       93.858    87.01
56       93.678    87.06
57       93.872    87.22
58       94.012    86.57
59       93.842    86.29
60       93.978    86.3
61       94.088    86.97
62       94.254    86.8
63       94.238    87.78
64       94.222    86.2
65       94.498    87.8
66       94.43    87.03
67       94.588    85.22
68       94.592    87.49
69       94.654    87.21
70       94.782    87.28
71       94.666    86.85
72       94.93    88.18
73       94.924    86.94
74       94.958    88.28
75       95.008    87.06
76       95.0    87.42
77       95.044    87.84
78       95.244    87.07
79       95.144    86.1
80       96.702    89.31
81       97.22    89.37
82       97.498    89.44
83       97.562    89.27
84       97.596    89.42
85       97.79    89.44
86       97.852    89.77
87       97.844    89.49
88       98.01    89.41
89       97.974    89.4
90       98.132    89.38
91       98.058    89.48
92       98.052    89.35
93       98.13    89.48
94       98.138    89.56
95       98.164    89.49
96       98.17    89.34
97       98.162    89.41
98       98.176    89.45
99       98.3    89.38
100       98.292    89.36
101       98.356    89.45
102       98.322    89.47
103       98.44    89.44
104       98.45    89.43
105       98.398    89.4
106       98.438    89.52
107       98.494    89.36
108       98.404    89.63
109       98.532    89.45
110       98.466    89.24
111       98.422    89.31
112       98.612    89.24
113       98.542    89.35
114       98.516    89.46
115       98.526    89.1
116       98.562    89.48
117       98.464    89.31
118       98.628    89.31
119       98.68    89.36
120       98.644    89.39
121       98.792    89.43
122       98.72    89.39
123       98.71    89.47
124       98.762    89.36
125       98.81    89.55
126       98.802    89.48
127       98.748    89.46
128       98.782    89.26
129       98.752    89.53
130       98.776    89.39
131       98.832    89.5
132       98.836    89.3
133       98.812    89.5
134       98.792    89.47
135       98.862    89.46
136       98.852    89.55
137       98.808    89.46
138       98.818    89.39
139       98.89    89.54
140       98.824    89.48
141       98.836    89.47
142       98.788    89.5
143       98.772    89.42
144       98.898    89.54
145       98.76    89.52
146       98.83    89.5
147       98.868    89.54
148       98.85    89.4
149       98.774    89.49
150       98.788    89.46
151       98.862    89.54
152       98.906    89.58
153       98.924    89.44
154       98.912    89.42
155       98.918    89.39
156       98.848    89.42
157       98.84    89.57
158       98.844    89.38
159       98.942    89.41
160       98.842    89.29
161       98.888    89.53
162       98.966    89.51
163       98.838    89.63
164       98.9    89.38
165       98.866    89.5
166       98.844    89.42
167       98.796    89.48
168       98.852    89.57
169       98.882    89.36
170       98.974    89.45
171       98.87    89.41
172       98.888    89.38
173       98.894    89.58
174       98.894    89.56
175       98.936    89.55
176       98.834    89.34
177       98.926    89.23
178       98.88    89.41
179       98.89    89.47
180       98.824    89.47
181       98.894    89.44
182       98.842    89.48
183       98.974    89.39
184       98.91    89.39
185       98.802    89.44
186       98.938    89.44
187       98.948    89.44
188       98.914    89.48
189       98.866    89.51
190       98.876    89.33
191       98.944    89.34
192       98.874    89.37
193       98.946    89.35
194       98.972    89.46
195       98.956    89.44
196       98.956    89.49
197       98.976    89.52
198       98.91    89.51
199       98.888    89.39
