epochs train test
0       28.488    27.91
1       44.96    45.91
2       54.28    53.69
3       59.694    55.24
4       63.932    58.96
5       66.924    63.23
6       70.038    55.68
7       71.994    66.69
8       73.064    67.86
9       74.17    69.29
10       74.79    75.01
11       75.894    62.3
12       76.174    71.73
13       76.766    74.14
14       77.288    75.43
15       77.704    64.72
16       77.916    75.3
17       78.278    75.28
18       78.786    72.98
19       79.004    74.56
20       79.05    75.49
21       79.626    75.26
22       79.334    69.43
23       79.734    74.75
24       79.89    72.78
25       80.398    77.08
26       80.232    70.49
27       80.338    75.43
28       80.44    74.24
29       80.412    75.83
30       80.432    77.74
31       80.604    77.97
32       80.832    76.98
33       80.994    75.2
34       80.914    74.78
35       81.244    78.66
36       81.042    78.89
37       81.514    78.03
38       81.042    76.2
39       81.402    79.45
40       81.328    71.09
41       81.406    75.74
42       81.644    77.43
43       81.778    69.52
44       81.67    72.61
45       81.626    77.15
46       81.96    78.15
47       81.934    79.73
48       82.036    74.43
49       81.96    71.05
50       81.814    76.47
51       82.342    76.48
52       82.346    76.84
53       82.018    78.44
54       82.228    75.98
55       82.264    77.62
56       82.156    74.93
57       82.294    77.94
58       82.336    74.38
59       82.506    75.82
60       82.396    78.91
61       82.476    72.96
62       82.324    80.18
63       82.18    74.52
64       82.344    77.12
65       82.792    76.48
66       82.572    77.11
67       82.756    74.42
68       82.642    67.85
69       82.628    78.45
70       82.752    78.89
71       82.746    76.13
72       82.95    77.62
73       82.848    77.87
74       82.51    77.89
75       82.6    75.5
76       82.99    71.13
77       83.182    74.83
78       82.95    73.26
79       82.938    80.7
80       86.264    85.2
81       87.248    83.15
82       87.488    82.52
83       87.574    85.41
84       87.824    85.37
85       87.562    84.82
86       87.696    85.38
87       87.812    84.69
88       87.966    82.97
89       88.194    84.15
90       87.786    84.02
91       87.966    84.33
92       87.99    84.66
93       88.098    84.63
94       88.06    82.93
95       88.278    85.3
96       88.336    83.78
97       87.916    82.36
98       88.182    84.39
99       88.18    84.27
100       88.312    84.64
101       88.42    83.49
102       88.122    83.37
103       88.188    84.05
104       88.394    83.48
105       88.336    76.83
106       88.274    84.43
107       88.074    84.57
108       88.222    83.82
109       88.35    83.78
110       88.05    82.56
111       87.946    81.26
112       88.14    84.26
113       88.156    82.9
114       88.198    83.88
115       88.028    83.92
116       88.01    84.13
117       88.234    83.49
118       88.224    84.16
119       88.314    83.58
120       89.698    87.13
121       90.002    86.33
122       90.042    86.34
123       90.192    86.18
124       90.21    85.89
125       90.26    84.83
126       90.07    86.47
127       90.14    86.75
128       90.318    86.35
129       90.15    84.87
130       90.084    86.14
131       90.184    85.42
132       90.148    86.2
133       90.208    86.49
134       90.252    85.83
135       90.146    86.16
136       90.092    86.87
137       89.982    85.91
138       90.146    86.15
139       89.948    85.58
140       90.128    86.35
141       89.908    84.12
142       89.982    85.84
143       89.94    84.51
144       89.878    86.04
145       89.796    86.05
146       90.004    86.63
147       89.898    86.38
148       89.842    86.15
149       89.784    86.35
150       89.974    86.31
151       90.052    85.55
152       89.882    85.87
153       90.052    85.97
154       90.012    86.04
155       89.946    86.36
156       89.91    85.59
157       89.82    85.26
158       89.974    86.16
159       90.012    84.5
160       90.382    84.81
161       90.258    85.96
162       90.336    86.14
163       90.222    85.97
164       90.25    86.04
165       90.334    86.32
166       90.394    85.54
167       90.332    85.47
168       90.344    84.84
169       90.082    85.88
170       90.328    84.21
171       90.232    85.19
172       90.318    85.93
173       90.182    85.86
174       90.172    86.49
175       90.31    85.47
176       90.26    85.44
177       90.384    86.33
178       90.182    85.22
179       90.428    86.12
180       90.03    86.29
181       90.168    84.37
182       90.278    84.78
183       89.88    84.91
184       90.234    84.55
185       90.162    86.01
186       90.282    86.21
187       90.156    85.53
188       90.272    85.44
189       90.28    84.23
190       90.284    85.81
191       90.316    86.34
192       90.09    86.23
193       90.426    86.72
194       90.326    86.09
195       90.104    86.16
196       90.152    86.21
197       90.236    86.85
198       90.04    86.44
199       90.13    86.28
