epochs train test
0       15.39    19.17
1       20.158    18.09
2       23.07    25.66
3       25.226    24.98
4       26.348    28.8
5       27.486    27.72
6       28.828    30.35
7       30.994    31.13
8       32.874    37.01
9       34.514    33.56
10       33.73    35.55
11       34.974    31.14
12       36.188    37.71
13       38.462    39.51
14       38.682    39.77
15       39.934    42.77
16       40.79    43.57
17       42.036    28.06
18       43.576    45.89
19       42.99    39.91
20       43.582    31.94
21       44.174    42.18
22       44.82    43.48
23       45.468    41.03
24       46.108    44.41
25       47.088    47.21
26       47.1    42.82
27       47.93    49.4
28       48.48    46.07
29       48.972    34.6
30       49.148    40.15
31       49.524    45.71
32       50.364    45.11
33       50.482    47.37
34       51.576    47.88
35       51.378    42.69
36       52.23    43.77
37       52.67    52.5
38       53.282    45.91
39       53.856    49.14
40       54.39    42.16
41       54.322    43.49
42       54.97    51.92
43       54.986    52.56
44       55.414    52.27
45       56.136    48.82
46       55.556    49.08
47       56.184    46.58
48       56.096    49.6
49       56.662    56.77
50       57.194    50.24
51       57.004    52.16
52       57.156    47.03
53       57.64    48.97
54       57.966    49.11
55       58.222    56.63
56       58.494    56.8
57       59.016    56.43
58       59.658    56.72
59       59.996    57.84
60       60.682    48.35
61       61.026    52.54
62       60.91    59.76
63       61.548    59.31
64       61.294    56.15
65       62.006    59.96
66       62.126    56.88
67       62.684    57.05
68       63.1    61.55
69       63.172    51.36
70       63.432    55.32
71       63.704    49.25
72       63.756    63.01
73       64.276    59.59
74       64.534    57.63
75       64.362    50.06
76       64.696    59.44
77       65.168    56.04
78       65.442    60.19
79       65.514    56.75
80       68.224    64.6
81       67.934    65.44
82       67.718    64.42
83       67.818    68.71
84       67.896    68.24
85       67.93    65.63
86       68.054    66.75
87       67.804    61.99
88       68.246    58.9
89       68.454    65.32
90       68.298    64.37
91       68.174    64.62
92       68.15    66.74
93       68.278    67.04
94       68.47    63.92
95       68.21    68.39
96       68.412    64.49
97       68.052    68.2
98       68.474    67.5
99       68.192    62.61
100       68.34    57.32
101       68.234    63.91
102       68.516    67.61
103       68.072    65.58
104       68.506    67.33
105       68.246    66.91
106       68.364    66.67
107       68.13    67.45
108       68.77    63.69
109       68.438    63.86
110       68.536    64.37
111       68.51    62.08
112       68.564    66.73
113       68.846    67.22
114       68.204    68.5
115       68.488    66.58
116       68.486    65.68
117       68.532    63.69
118       68.694    69.3
119       68.384    66.87
120       69.404    69.69
121       69.336    67.73
122       69.344    67.51
123       69.372    70.82
124       69.662    66.84
125       69.486    67.69
126       69.084    65.39
127       69.222    67.37
128       68.974    68.98
129       69.012    69.28
130       69.182    69.6
131       69.498    68.87
132       69.44    69.65
133       69.188    68.62
134       69.162    67.46
135       69.186    68.61
136       69.424    68.25
137       69.208    66.44
138       68.962    69.9
139       69.434    69.16
140       68.708    63.79
141       69.548    69.83
142       69.474    68.68
143       69.206    69.32
144       69.444    66.11
145       69.344    69.8
146       69.202    69.13
147       69.094    68.16
148       69.032    69.1
149       69.162    66.26
150       69.132    68.52
151       69.148    67.57
152       69.096    67.99
153       69.198    66.69
154       69.5    68.76
155       69.088    69.05
156       69.308    66.46
157       69.444    63.81
158       69.398    65.94
159       69.192    69.52
160       69.196    70.13
161       69.46    65.0
162       69.386    67.44
163       68.984    61.64
164       69.29    69.21
165       69.214    70.29
166       69.65    70.32
167       69.478    68.89
168       69.234    67.74
169       69.336    70.46
170       69.534    68.92
171       69.408    67.57
172       69.828    69.7
173       68.98    69.52
174       69.394    68.62
175       69.502    68.36
176       69.786    69.81
177       69.42    67.35
178       68.896    64.33
179       69.002    65.84
180       69.114    64.65
181       69.022    69.64
182       69.15    65.2
183       69.07    68.37
184       69.03    69.6
185       69.43    68.26
186       68.998    69.38
187       69.25    69.72
188       69.578    69.59
189       69.512    68.7
190       69.276    69.15
191       69.772    68.71
192       69.544    68.51
193       69.624    68.39
194       69.426    68.52
195       69.266    66.62
196       69.476    69.64
197       69.576    69.11
198       69.266    69.52
199       69.678    68.53
