epochs train test
0       35.374    43.69
1       54.726    57.59
2       63.01    60.89
3       68.178    67.83
4       71.914    73.09
5       74.926    72.38
6       76.436    74.37
7       77.704    70.3
8       78.59    64.52
9       79.228    75.57
10       79.67    78.57
11       80.03    76.3
12       80.844    77.44
13       80.97    78.13
14       81.71    76.62
15       82.186    76.59
16       82.662    80.37
17       82.92    77.81
18       82.924    79.88
19       83.348    75.86
20       83.36    78.07
21       83.474    78.92
22       83.766    77.53
23       83.816    79.88
24       84.116    79.63
25       84.246    81.87
26       84.394    75.37
27       84.716    80.37
28       84.73    78.26
29       84.862    81.29
30       84.874    79.72
31       84.948    80.08
32       85.128    81.8
33       85.278    79.44
34       85.216    78.0
35       85.582    80.64
36       85.602    83.63
37       85.628    81.01
38       85.718    80.31
39       85.646    78.42
40       85.758    82.17
41       85.734    83.02
42       86.108    78.59
43       86.062    81.71
44       86.068    75.44
45       85.984    80.03
46       86.396    82.34
47       86.278    82.87
48       86.462    79.6
49       86.444    77.64
50       86.178    82.74
51       86.406    80.27
52       86.27    82.17
53       86.382    81.98
54       86.14    80.71
55       86.534    82.35
56       86.46    81.82
57       86.548    76.89
58       86.844    81.86
59       86.57    79.11
60       86.82    84.61
61       86.926    83.02
62       86.732    81.44
63       86.922    82.72
64       86.708    84.6
65       86.828    83.94
66       86.944    81.81
67       86.7    84.29
68       86.914    79.96
69       87.006    83.14
70       87.15    82.63
71       87.0    80.86
72       87.224    79.72
73       87.184    82.12
74       87.16    83.59
75       87.378    76.96
76       87.186    81.08
77       87.308    82.32
78       87.328    84.13
79       87.18    82.83
80       90.418    88.89
81       91.606    88.84
82       92.166    88.55
83       92.364    89.06
84       92.278    88.82
85       92.498    89.0
86       92.552    88.71
87       92.67    87.94
88       92.896    88.87
89       93.048    88.59
90       92.918    88.74
91       93.108    89.31
92       93.114    87.86
93       93.198    89.0
94       93.482    89.23
95       93.342    88.86
96       93.558    88.87
97       93.498    88.64
98       93.43    89.15
99       93.562    88.59
100       93.402    88.99
101       93.638    88.65
102       93.652    88.65
103       93.806    88.97
104       93.606    89.02
105       93.604    89.27
106       93.752    88.82
107       93.93    86.96
108       93.788    89.12
109       93.878    88.47
110       93.976    88.62
111       93.898    89.16
112       93.888    87.71
113       94.042    88.05
114       93.91    88.13
115       93.966    88.61
116       94.068    88.66
117       94.044    88.9
118       94.24    88.22
119       94.254    88.66
120       95.078    89.98
121       95.326    89.94
122       95.42    89.99
123       95.476    90.26
124       95.506    90.04
125       95.588    90.17
126       95.618    90.18
127       95.608    89.85
128       95.672    89.86
129       95.634    90.29
130       95.666    90.26
131       95.682    89.92
132       95.624    90.26
133       95.774    90.05
134       95.756    89.66
135       95.656    89.98
136       95.656    89.92
137       95.584    89.98
138       95.786    89.28
139       95.678    90.19
140       95.724    90.18
141       95.65    89.57
142       95.778    90.2
143       95.612    89.92
144       95.842    89.84
145       95.614    89.72
146       95.758    89.78
147       95.758    89.7
148       95.84    89.76
149       95.818    89.83
150       95.84    89.83
151       95.714    90.08
152       95.716    89.76
153       95.808    90.1
154       95.876    89.6
155       95.748    89.85
156       95.938    89.43
157       95.86    89.9
158       95.958    89.74
159       95.664    90.02
160       96.002    89.79
161       95.8    89.3
162       95.968    89.6
163       96.022    90.21
164       95.88    89.77
165       95.97    89.75
166       95.996    89.98
167       95.89    90.22
168       96.084    89.93
169       96.01    89.94
170       96.046    90.55
171       96.152    89.99
172       96.064    89.42
173       96.038    89.68
174       95.97    89.99
175       95.892    90.09
176       95.994    89.99
177       95.722    89.45
178       96.004    90.08
179       96.076    90.18
180       96.112    90.24
181       96.126    89.85
182       95.88    90.08
183       96.064    89.73
184       96.008    89.98
185       96.052    90.4
186       96.2    89.8
187       95.93    89.5
188       96.02    90.08
189       95.998    89.88
190       96.032    89.8
191       96.066    89.81
192       96.1    89.82
193       95.996    89.5
194       96.024    90.04
195       96.024    89.82
196       96.074    89.85
197       96.118    89.8
198       96.138    89.8
199       96.08    89.99
