epochs train test
0       42.728    55.22
1       61.8    51.52
2       69.058    68.46
3       73.788    72.78
4       76.504    73.27
5       78.126    74.51
6       79.46    76.37
7       80.574    75.71
8       81.56    77.48
9       82.282    76.14
10       82.728    79.61
11       83.282    81.45
12       83.742    78.41
13       84.21    81.45
14       84.424    81.21
15       84.868    82.0
16       85.174    80.71
17       85.336    79.37
18       85.354    81.54
19       85.7    80.76
20       86.16    80.93
21       86.11    83.95
22       86.242    80.76
23       86.57    82.71
24       86.686    84.31
25       86.796    83.79
26       86.938    81.47
27       86.99    82.57
28       87.236    83.17
29       87.446    82.98
30       87.292    82.57
31       87.458    84.9
32       87.65    83.12
33       87.66    81.74
34       87.812    83.08
35       87.852    84.04
36       88.266    84.79
37       88.132    82.97
38       88.05    82.64
39       88.058    84.33
40       88.358    85.72
41       88.334    78.68
42       88.482    81.72
43       88.426    83.68
44       88.456    81.88
45       88.52    83.14
46       88.608    84.55
47       88.616    83.75
48       88.58    84.39
49       88.614    85.03
50       88.922    84.87
51       88.856    84.39
52       88.87    84.82
53       89.154    83.36
54       88.94    82.67
55       89.042    85.01
56       88.928    85.17
57       89.07    85.36
58       89.322    83.05
59       89.2    81.34
60       89.164    84.55
61       89.31    86.72
62       89.258    86.24
63       89.13    86.17
64       89.196    85.09
65       89.64    84.97
66       89.372    85.84
67       89.586    86.75
68       89.546    84.96
69       89.584    85.81
70       89.54    86.14
71       89.6    85.05
72       89.654    86.77
73       89.514    85.87
74       89.44    85.12
75       89.664    84.84
76       89.804    82.78
77       89.654    81.63
78       89.87    86.43
79       89.678    83.55
80       92.516    89.53
81       93.896    90.07
82       94.226    89.71
83       94.35    89.97
84       94.642    90.08
85       94.73    90.33
86       94.88    90.15
87       95.048    90.24
88       95.272    90.23
89       95.378    90.36
90       95.436    90.27
91       95.554    90.57
92       95.766    90.43
93       95.62    90.53
94       95.93    90.26
95       95.858    90.25
96       95.984    90.12
97       96.086    90.49
98       96.074    90.46
99       96.122    90.41
100       96.336    90.3
101       96.414    90.38
102       96.444    90.07
103       96.498    90.43
104       96.428    90.35
105       96.516    90.6
106       96.63    90.5
107       96.76    90.56
108       96.59    90.08
109       96.648    90.44
110       96.818    90.16
111       96.742    90.52
112       96.852    90.39
113       96.89    90.28
114       96.84    90.33
115       96.95    90.43
116       96.962    90.35
117       96.992    90.2
118       97.118    89.97
119       97.084    90.24
120       97.488    90.63
121       97.61    90.74
122       97.662    90.62
123       97.672    90.69
124       97.712    90.7
125       97.786    90.63
126       97.898    90.68
127       97.852    90.59
128       97.826    90.63
129       97.948    90.49
130       97.886    90.55
131       97.962    90.48
132       97.848    90.61
133       97.962    90.63
134       97.964    90.57
135       97.96    90.57
136       97.98    90.57
137       97.91    90.56
138       97.976    90.72
139       97.984    90.68
140       97.964    90.59
141       98.026    90.67
142       98.032    90.65
143       98.098    90.57
144       97.994    90.55
145       97.984    90.57
146       98.04    90.4
147       98.042    90.54
148       98.034    90.47
149       98.092    90.5
150       97.92    90.4
151       98.08    90.56
152       98.126    90.56
153       98.226    90.61
154       98.104    90.56
155       98.172    90.48
156       98.146    90.52
157       98.062    90.45
158       98.178    90.51
159       98.104    90.61
160       98.298    90.49
161       98.13    90.47
162       98.198    90.51
163       98.256    90.54
164       98.22    90.59
165       98.348    90.53
166       98.198    90.48
167       98.178    90.62
168       98.152    90.43
169       98.266    90.54
170       98.232    90.51
171       98.17    90.66
172       98.252    90.46
173       98.266    90.54
174       98.208    90.54
175       98.176    90.51
176       98.27    90.58
177       98.216    90.39
178       98.288    90.55
179       98.21    90.58
180       98.278    90.53
181       98.304    90.4
182       98.276    90.6
183       98.28    90.48
184       98.354    90.47
185       98.182    90.56
186       98.308    90.53
187       98.324    90.45
188       98.248    90.56
189       98.294    90.57
190       98.27    90.52
191       98.294    90.53
192       98.346    90.48
193       98.254    90.5
194       98.222    90.45
195       98.29    90.55
196       98.434    90.37
197       98.308    90.48
198       98.348    90.49
199       98.366    90.59
