epochs train test
0       32.598    47.38
1       54.118    55.41
2       63.094    60.26
3       67.528    66.54
4       71.388    69.19
5       73.808    71.33
6       74.926    71.66
7       76.626    72.99
8       78.09    75.36
9       78.69    69.62
10       78.954    78.16
11       80.336    77.93
12       80.854    75.99
13       81.398    74.05
14       81.478    76.64
15       81.48    80.34
16       82.354    81.39
17       82.22    76.17
18       82.884    80.57
19       83.102    79.44
20       83.074    77.86
21       83.518    80.06
22       83.612    79.14
23       83.724    81.86
24       83.84    82.49
25       84.124    81.6
26       83.884    74.48
27       84.538    83.39
28       84.424    81.81
29       84.462    80.36
30       84.466    78.69
31       84.772    81.81
32       84.942    79.6
33       85.182    81.26
34       84.978    81.31
35       85.552    82.35
36       85.272    79.67
37       85.304    77.09
38       85.48    82.11
39       85.82    81.28
40       85.758    83.28
41       85.656    80.58
42       85.866    81.22
43       86.156    78.17
44       85.652    78.34
45       85.97    80.53
46       86.042    76.97
47       85.956    82.46
48       85.762    80.73
49       85.826    82.23
50       86.202    82.12
51       86.38    78.48
52       86.418    83.34
53       86.43    79.0
54       86.576    82.73
55       86.33    83.68
56       85.852    82.33
57       86.684    81.36
58       86.53    81.67
59       86.024    80.36
60       86.456    83.76
61       86.368    85.48
62       86.294    76.12
63       86.414    83.12
64       86.854    82.28
65       86.934    84.42
66       86.856    83.35
67       86.972    81.58
68       86.77    75.35
69       87.08    84.19
70       87.216    84.05
71       87.162    83.3
72       87.266    83.7
73       87.262    83.41
74       87.234    83.0
75       87.498    81.81
76       87.302    81.8
77       87.342    82.74
78       87.506    84.73
79       87.402    81.37
80       90.564    88.86
81       91.782    88.66
82       92.1    89.12
83       92.3    88.58
84       92.538    89.04
85       92.77    89.38
86       92.784    89.15
87       92.994    89.15
88       92.924    89.3
89       93.328    89.26
90       93.356    89.44
91       93.528    88.99
92       93.378    89.03
93       93.444    89.62
94       93.586    89.03
95       93.642    89.09
96       93.716    89.33
97       93.678    87.98
98       93.648    88.25
99       93.766    89.6
100       93.83    89.1
101       94.048    89.38
102       93.858    86.88
103       94.112    88.77
104       94.184    89.49
105       94.126    89.18
106       94.096    89.24
107       94.156    87.95
108       94.214    88.87
109       94.126    89.02
110       94.34    88.97
111       94.226    89.04
112       94.414    88.22
113       94.416    89.21
114       94.656    88.0
115       94.508    89.03
116       94.604    88.15
117       94.638    89.22
118       94.502    89.01
119       94.622    88.78
120       95.242    89.71
121       95.492    89.5
122       95.49    89.56
123       95.532    90.24
124       95.574    89.8
125       95.58    89.63
126       95.724    90.1
127       95.594    89.81
128       95.682    89.33
129       95.658    89.24
130       95.836    89.65
131       95.672    89.76
132       95.652    89.84
133       95.74    89.03
134       95.706    89.94
135       95.832    89.45
136       95.89    89.78
137       95.722    89.7
138       95.78    89.76
139       95.722    89.82
140       95.796    89.92
141       95.802    89.81
142       95.862    89.97
143       95.838    89.41
144       95.824    89.95
145       95.912    89.57
146       95.596    89.4
147       95.876    89.61
148       95.8    89.85
149       95.872    90.01
150       95.878    89.51
151       95.842    89.98
152       95.95    89.44
153       95.936    89.76
154       95.942    89.73
155       95.766    89.86
156       95.918    89.01
157       95.938    90.16
158       95.814    89.66
159       95.726    89.19
160       95.996    89.91
161       95.944    89.99
162       95.994    89.81
163       95.856    90.07
164       96.042    90.26
165       95.936    90.11
166       95.976    90.21
167       95.91    89.58
168       96.006    90.22
169       96.03    89.65
170       95.958    89.9
171       95.864    89.37
172       95.906    89.37
173       96.058    89.79
174       95.92    89.97
175       96.032    89.38
176       95.872    90.15
177       95.858    90.0
178       95.928    89.64
179       95.896    89.98
180       95.876    89.72
181       95.956    89.61
182       95.854    89.74
183       95.998    89.84
184       95.832    89.65
185       95.954    89.97
186       95.942    89.09
187       95.95    89.15
188       95.83    89.99
189       95.666    89.68
190       95.794    89.69
191       95.854    89.74
192       95.618    89.76
193       95.81    89.6
194       95.748    89.76
195       95.738    89.73
196       95.788    89.97
197       95.824    89.79
198       95.71    89.6
199       95.952    90.01
