epochs train test
0       19.372    18.42
1       25.68    22.22
2       30.122    34.13
3       34.802    37.81
4       39.484    35.09
5       41.118    35.63
6       42.55    44.54
7       46.036    48.99
8       48.57    50.68
9       51.16    52.5
10       53.292    49.74
11       54.95    53.2
12       56.536    56.25
13       58.01    55.9
14       59.188    58.8
15       60.55    58.72
16       62.052    58.73
17       63.286    54.37
18       64.578    61.47
19       64.972    61.25
20       66.694    63.94
21       67.776    65.11
22       68.978    57.45
23       69.698    58.73
24       70.032    65.82
25       71.0    66.31
26       71.742    64.92
27       72.302    67.68
28       72.986    71.37
29       73.438    68.05
30       73.68    68.3
31       74.408    69.69
32       74.706    72.24
33       75.102    67.77
34       75.44    67.76
35       75.836    71.02
36       76.262    70.86
37       76.642    74.19
38       77.074    63.47
39       77.122    65.09
40       77.478    69.83
41       77.57    74.27
42       77.872    75.29
43       78.232    71.8
44       78.624    71.2
45       78.812    74.59
46       78.96    74.74
47       78.88    70.5
48       79.332    68.48
49       79.556    70.44
50       80.222    73.33
51       80.042    73.66
52       80.074    70.79
53       79.594    75.75
54       80.03    70.72
55       80.246    73.27
56       80.356    68.95
57       80.224    72.85
58       80.14    71.56
59       80.526    73.43
60       80.712    78.1
61       80.868    75.68
62       80.89    75.84
63       81.308    76.45
64       81.266    76.48
65       81.338    79.58
66       81.692    76.36
67       81.846    70.95
68       81.988    72.36
69       81.804    78.17
70       81.684    72.1
71       82.158    76.68
72       82.266    75.83
73       82.288    77.32
74       82.538    76.38
75       82.404    75.87
76       82.674    75.06
77       82.838    78.34
78       82.928    77.96
79       83.22    77.01
80       85.07    82.96
81       85.42    83.15
82       85.4    83.06
83       85.602    83.66
84       85.324    83.07
85       85.424    83.16
86       85.55    83.13
87       85.56    82.92
88       85.514    82.5
89       85.308    82.17
90       85.482    82.35
91       85.624    81.68
92       85.452    83.54
93       85.426    81.96
94       85.434    82.68
95       85.298    83.08
96       85.704    82.02
97       85.558    80.3
98       85.442    81.83
99       85.406    82.49
100       85.656    82.54
101       85.246    81.32
102       85.8    81.46
103       85.404    82.78
104       85.778    83.04
105       85.506    80.92
106       85.578    82.71
107       85.24    82.01
108       85.272    82.51
109       85.612    83.41
110       85.528    83.08
111       85.502    81.07
112       85.454    81.23
113       85.45    81.85
114       85.464    80.5
115       85.342    82.64
116       85.28    81.48
117       85.532    82.02
118       85.468    82.31
119       85.358    81.21
120       85.874    84.14
121       86.02    83.51
122       86.208    84.12
123       86.322    83.53
124       86.34    83.37
125       86.484    84.0
126       86.258    83.77
127       86.356    83.77
128       86.24    83.91
129       86.268    83.65
130       86.272    84.15
131       86.338    84.2
132       86.572    84.4
133       86.492    84.25
134       86.582    84.54
135       86.356    83.98
136       86.388    83.68
137       86.47    83.31
138       86.508    83.8
139       86.298    83.81
140       86.236    84.09
141       86.202    84.35
142       86.46    84.72
143       86.544    83.91
144       86.476    83.47
145       86.298    82.91
146       86.402    84.02
147       86.188    84.15
148       86.37    83.36
149       86.308    83.68
150       86.35    83.9
151       86.408    84.69
152       86.492    84.37
153       86.28    84.02
154       86.388    84.31
155       86.322    84.04
156       86.558    84.33
157       86.312    84.19
158       86.102    84.29
159       86.26    84.56
160       86.308    84.37
161       86.57    84.84
162       86.52    84.25
163       86.634    83.91
164       86.514    84.53
165       86.406    84.24
166       86.67    84.31
167       86.458    84.79
168       86.764    83.08
169       86.494    84.24
170       86.608    84.4
171       86.426    84.03
172       86.39    84.81
173       86.672    84.41
174       86.774    84.46
175       86.618    84.44
176       86.404    84.32
177       86.554    84.48
178       86.626    83.96
179       86.564    83.85
180       86.552    84.64
181       86.64    84.05
182       86.628    83.82
183       86.61    84.24
184       86.814    83.27
185       86.624    84.45
186       86.684    83.57
187       86.624    83.92
188       86.682    84.48
189       86.76    84.19
190       86.738    83.1
191       86.628    84.05
192       86.572    83.68
193       86.586    84.33
194       86.46    84.61
195       86.544    83.85
196       86.708    84.12
197       86.74    81.98
198       86.626    84.87
199       86.708    83.96
